10 11 12 9 8 6 7 15 18 19 17 16 20 21 25 22 23 24 0 2 3 4 5 1 14 13 10 (1021) Elapsed time: 0.0213354 s
14 13 9 10 12 8 15 18 19 16 17 20 21 25 22 23 24 11 7 6 4 3 5 0 1 2 14 (1123) Elapsed time: 0.019532 s
14 13 9 10 12 11 15 18 19 17 16 25 20 21 22 23 24 0 1 2 4 5 3 6 7 8 14 (1007) Elapsed time: 0.0309352 s
12 11 14 13 9 10 2 1 3 4 5 6 7 15 8 18 19 16 17 20 21 25 23 22 24 0 12 (1106) Elapsed time: 0.0125448 s
9 10 12 11 13 14 2 1 3 5 4 6 7 8 15 18 19 17 16 20 21 25 22 23 24 0 9 (991) Elapsed time: 0.0219908 s
18 19 17 16 20 21 25 22 23 24 0 8 7 6 5 3 4 2 1 14 13 9 10 12 11 15 18 (1043) Elapsed time: 0.014965 s
25 21 20 16 17 19 18 15 8 7 6 5 4 3 2 1 0 14 13 12 10 11 9 22 23 24 25 (1075) Elapsed time: 0.0193494 s
4 3 5 6 7 8 9 13 12 10 11 14 2 1 0 24 23 22 21 25 20 17 19 18 15 16 4 (1084) Elapsed time: 0.0183242 s
6 7 8 13 14 12 10 11 9 2 3 5 4 1 0 24 22 23 25 21 20 16 17 19 18 15 6 (1046) Elapsed time: 0.0116009 s
4 5 3 2 14 13 9 8 6 7 19 18 16 17 15 10 12 11 20 21 25 22 23 24 0 1 4 (1069) Elapsed time: 0.0184886 s
11 12 10 14 13 9 8 6 7 15 18 19 17 16 20 21 25 22 23 24 5 4 3 1 0 2 11 (1115) Elapsed time: 0.0188564 s
12 11 0 13 14 1 2 3 5 4 7 6 8 9 10 15 18 19 17 16 25 21 20 22 23 24 12 (1119) Elapsed time: 0.0153194 s
20 21 25 16 17 18 19 15 7 6 13 14 12 11 10 9 8 4 5 3 2 1 0 22 23 24 20 (1113) Elapsed time: 0.0196258 s
23 22 25 21 20 17 19 18 16 15 7 6 5 4 3 2 1 0 11 12 10 8 9 14 13 24 23 (1087) Elapsed time: 0.0106581 s
1 2 13 12 11 15 18 19 17 16 20 21 25 22 23 24 0 5 3 4 6 7 8 9 10 14 1 (1063) Elapsed time: 0.0103423 s
13 14 9 8 2 0 1 3 4 5 6 7 15 19 18 17 16 20 21 25 22 23 24 12 11 10 13 (1052) Elapsed time: 0.0198078 s
11 10 12 14 13 2 1 0 3 4 5 6 7 8 9 15 18 19 17 16 20 21 25 23 22 24 11 (1033) Elapsed time: 0.0157982 s
20 21 25 16 17 19 18 15 14 12 11 10 9 6 7 8 4 5 3 1 2 13 0 24 23 22 20 (1097) Elapsed time: 0.0129019 s
2 3 5 4 6 7 18 19 17 16 20 21 25 22 23 24 0 1 13 14 11 12 10 15 8 9 2 (1033) Elapsed time: 0.0144324 s
14 13 4 5 3 6 7 8 1 2 9 10 12 11 15 19 18 16 17 20 21 25 22 23 24 0 14 (1098) Elapsed time: 0.0171382 s
22 21 25 20 16 17 19 18 15 13 14 2 11 12 10 9 8 6 7 3 4 5 1 0 24 23 22 (1045) Elapsed time: 0.0189335 s
12 11 14 13 9 8 5 3 2 1 0 24 23 22 21 25 20 16 17 19 18 15 7 4 6 10 12 (1075) Elapsed time: 0.0177718 s
7 4 5 3 1 0 24 22 23 21 25 20 16 17 19 18 13 14 11 12 10 9 2 6 8 15 7 (1122) Elapsed time: 0.0266595 s
18 15 5 3 4 6 7 8 9 12 10 14 13 2 1 0 11 24 23 22 21 25 20 16 17 19 18 (1056) Elapsed time: 0.0190901 s
9 7 6 4 5 3 1 2 12 11 10 14 13 15 18 19 17 16 21 20 25 22 23 24 0 8 9 (1117) Elapsed time: 0.0072159 s
7 6 4 5 3 2 13 14 11 10 12 9 8 15 18 19 17 16 20 21 25 22 23 24 0 1 7 (1015) Elapsed time: 0.0270634 s
15 18 19 17 13 14 11 12 10 9 8 6 7 4 5 3 2 1 0 24 23 22 21 20 16 25 15 (1113) Elapsed time: 0.0145736 s
20 16 17 19 18 15 11 14 13 9 8 6 7 4 3 5 10 12 2 1 0 24 22 23 21 25 20 (1093) Elapsed time: 0.0218652 s
11 12 13 14 10 9 8 7 6 3 4 5 2 1 0 15 18 19 16 17 20 25 21 22 23 24 11 (1079) Elapsed time: 0.0165662 s
22 20 25 21 16 17 19 18 15 8 7 6 4 5 3 2 14 13 9 1 10 12 11 0 24 23 22 (1122) Elapsed time: 0.0097663 s
9 12 11 10 14 13 2 6 7 4 5 3 1 0 24 23 22 25 21 20 17 19 18 15 8 16 9 (1120) Elapsed time: 0.0114699 s
9 8 7 6 4 3 5 2 1 0 14 13 11 12 10 15 18 19 17 16 20 21 25 24 23 22 9 (1075) Elapsed time: 0.0138022 s
8 7 6 4 5 3 2 1 0 14 13 12 10 9 15 16 17 19 18 21 25 22 23 24 20 11 8 (1098) Elapsed time: 0.0130203 s
13 14 12 10 9 2 1 5 3 4 6 7 8 15 16 17 19 18 11 20 21 25 22 23 24 0 13 (1097) Elapsed time: 0.0172352 s
2 1 3 4 5 6 7 15 18 19 17 16 20 21 25 22 23 24 13 14 12 10 11 9 8 0 2 (1093) Elapsed time: 0.0115587 s
24 22 23 17 25 21 20 16 18 19 15 10 12 11 14 13 9 8 7 6 4 3 5 2 1 0 24 (1063) Elapsed time: 0.011562 s
22 21 25 20 16 17 19 18 15 10 12 11 14 13 9 8 6 7 5 3 4 1 2 0 24 23 22 (999) Elapsed time: 0.0244648 s
22 21 25 20 16 17 19 18 15 8 9 13 14 12 11 10 2 1 3 5 4 6 7 0 24 23 22 (1053) Elapsed time: 0.0177693 s
12 10 11 13 2 14 9 15 18 19 17 16 20 21 25 22 23 24 0 1 3 4 5 7 8 6 12 (1078) Elapsed time: 0.0089718 s
14 12 10 11 4 5 3 6 7 15 18 19 17 16 21 20 25 22 23 24 0 1 2 13 9 8 14 (1080) Elapsed time: 0.0104967 s
23 22 21 20 16 17 19 18 15 11 12 10 9 8 7 6 5 4 3 1 14 13 2 0 24 25 23 (1072) Elapsed time: 0.0147232 s
14 13 9 8 6 7 1 2 4 5 3 12 10 11 15 18 19 17 16 20 21 25 22 23 24 0 14 (1092) Elapsed time: 0.0138772 s
14 13 12 11 10 9 8 6 7 15 18 19 17 16 20 21 22 23 24 25 3 5 4 2 1 0 14 (1109) Elapsed time: 0.0151464 s
25 21 20 16 17 19 18 15 13 14 12 11 9 10 8 7 6 4 5 3 2 1 0 24 22 23 25 (1012) Elapsed time: 0.0269032 s
11 12 10 9 13 2 4 3 5 6 7 8 15 18 19 16 17 20 21 25 22 23 24 0 1 14 11 (1004) Elapsed time: 0.0136224 s
3 4 5 6 7 11 14 13 12 10 8 9 15 18 19 17 16 20 21 25 22 23 24 0 2 1 3 (1049) Elapsed time: 0.0147653 s
23 22 25 21 20 16 17 19 18 15 8 9 13 14 2 1 3 4 5 6 7 11 10 12 0 24 23 (1030) Elapsed time: 0.0145005 s
14 13 12 11 10 9 8 5 3 4 2 1 0 6 7 15 18 19 17 16 20 21 25 22 23 24 14 (1087) Elapsed time: 0.0146473 s
19 18 17 16 20 25 21 22 23 24 0 2 1 5 3 4 6 7 8 15 10 11 13 9 14 12 19 (1096) Elapsed time: 0.0146483 s
12 14 13 9 15 8 7 6 3 4 5 2 1 0 24 23 22 21 25 20 16 17 19 18 10 11 12 (1012) Elapsed time: 0.013743 s
14 13 9 8 6 7 15 17 19 18 16 21 25 23 22 24 20 11 12 10 4 5 3 2 1 0 14 (1115) Elapsed time: 0.0104467 s
14 13 2 8 9 10 12 11 0 1 3 5 4 6 7 15 18 19 17 16 25 21 20 22 23 24 14 (1070) Elapsed time: 0.0188905 s
14 13 12 11 10 9 8 6 7 15 18 19 17 16 20 21 25 24 23 22 0 2 1 5 4 3 14 (1108) Elapsed time: 0.0113594 s
1 2 3 5 4 6 7 8 9 10 12 11 14 13 15 19 18 16 17 20 21 25 22 23 24 0 1 (991) Elapsed time: 0.0086453 s
21 20 16 17 19 18 15 10 12 11 9 8 7 6 4 3 5 14 13 1 2 0 24 23 22 25 21 (1042) Elapsed time: 0.0162438 s
13 9 8 2 3 4 5 6 7 11 14 12 10 15 18 19 17 16 20 21 25 22 23 24 0 1 13 (1076) Elapsed time: 0.0129075 s
10 12 11 14 13 9 6 7 15 18 19 17 16 20 21 25 22 23 24 0 1 2 4 5 3 8 10 (1011) Elapsed time: 0.0129359 s
11 10 9 8 15 18 19 17 16 20 21 25 22 23 24 0 1 5 3 4 2 14 13 12 6 7 11 (1079) Elapsed time: 0.0112037 s
2 1 3 5 4 6 7 8 9 13 14 12 15 18 19 17 16 20 25 21 22 23 24 0 11 10 2 (1024) Elapsed time: 0.0078902 s
5 4 3 6 7 15 8 9 10 12 11 19 18 17 16 25 21 20 22 23 24 0 14 13 2 1 5 (1085) Elapsed time: 0.0101752 s
15 18 19 17 16 20 21 25 22 23 24 0 13 14 11 10 12 9 8 2 1 3 4 5 6 7 15 (1006) Elapsed time: 0.0177008 s
15 11 12 10 9 8 2 13 14 0 1 4 5 3 6 7 18 19 17 16 25 21 22 23 24 20 15 (1092) Elapsed time: 0.013339 s
7 6 4 5 3 1 2 13 14 12 10 9 8 15 19 18 16 17 20 21 25 22 23 24 0 11 7 (1060) Elapsed time: 0.0118028 s
16 17 19 18 15 13 14 12 10 9 8 7 6 4 5 3 2 1 0 11 20 25 21 22 23 24 16 (1054) Elapsed time: 0.0108828 s
13 10 9 6 7 15 18 19 17 16 20 21 25 22 23 24 0 1 3 4 5 8 14 11 12 2 13 (1082) Elapsed time: 0.0122565 s
2 13 14 12 11 10 9 8 7 6 5 3 4 20 16 17 19 18 15 25 21 22 23 24 0 1 2 (1099) Elapsed time: 0.014483 s
22 25 21 20 16 17 19 18 15 10 12 11 13 14 2 3 5 4 6 8 9 7 1 0 24 23 22 (1062) Elapsed time: 0.0144917 s
9 10 12 11 14 13 2 5 4 3 7 6 8 15 18 19 17 16 20 21 25 22 23 24 0 1 9 (1026) Elapsed time: 0.0151799 s
10 12 11 14 13 9 8 6 15 7 18 19 17 16 20 21 25 22 23 24 0 1 2 3 5 4 10 (1077) Elapsed time: 0.0149837 s
12 13 14 11 10 8 9 15 6 7 18 19 17 16 20 21 25 22 23 24 0 1 2 4 5 3 12 (1103) Elapsed time: 0.01161 s
14 13 10 9 11 12 5 1 2 4 3 6 7 8 15 18 19 17 16 20 21 25 22 23 24 0 14 (1087) Elapsed time: 0.0201423 s
17 16 18 19 15 8 7 6 3 4 5 2 13 14 11 12 10 9 1 0 24 22 23 25 21 20 17 (1057) Elapsed time: 0.0099044 s
25 21 20 16 17 19 18 15 7 6 3 5 4 10 12 9 13 14 0 1 2 8 11 24 22 23 25 (1109) Elapsed time: 0.0135868 s
17 19 18 15 8 7 6 4 5 3 1 0 24 23 22 25 21 20 16 2 13 14 12 10 11 9 17 (1114) Elapsed time: 0.0101466 s
17 16 10 12 11 14 13 9 8 7 6 5 4 3 2 1 0 24 22 23 21 25 20 19 18 15 17 (1049) Elapsed time: 0.0166869 s
13 9 4 3 5 2 14 12 10 11 15 19 18 16 17 20 21 25 22 23 24 0 1 6 7 8 13 (1111) Elapsed time: 0.0082028 s
13 9 8 11 12 10 14 2 1 4 5 3 7 6 15 18 19 17 16 20 21 25 22 23 24 0 13 (1071) Elapsed time: 0.0115118 s
0 2 4 5 3 6 7 8 15 19 18 17 16 20 21 25 22 23 24 10 12 11 14 13 9 1 0 (1064) Elapsed time: 0.0117851 s
1 2 4 5 3 6 7 8 9 14 13 12 11 10 15 18 19 17 16 20 21 25 22 23 24 0 1 (961) Elapsed time: 0.0140269 s
16 17 19 18 15 9 13 14 12 10 8 6 7 5 3 4 2 1 0 11 24 22 23 25 21 20 16 (1057) Elapsed time: 0.015125 s
8 6 7 15 19 18 17 16 20 21 25 22 23 24 11 12 10 9 14 13 2 1 3 5 4 0 8 (1109) Elapsed time: 0.0147032 s
8 9 13 14 11 12 10 3 5 4 6 7 15 18 19 17 16 20 21 25 22 23 24 0 2 1 8 (1061) Elapsed time: 0.0099334 s
13 14 2 1 3 4 5 7 6 8 15 18 19 17 16 20 21 25 22 23 24 0 12 10 11 9 13 (1012) Elapsed time: 0.0133499 s
5 4 3 7 6 8 9 13 14 11 12 10 24 22 23 25 21 20 16 17 18 19 15 0 1 2 5 (1114) Elapsed time: 0.0130381 s
11 12 10 9 8 7 6 5 4 3 2 1 0 24 22 23 25 21 20 16 17 19 18 15 14 13 11 (995) Elapsed time: 0.0180279 s
8 9 10 12 11 14 13 2 1 0 22 23 24 20 21 25 16 17 19 18 15 7 6 4 3 5 8 (1067) Elapsed time: 0.0156036 s
5 4 3 2 14 13 9 8 6 7 15 18 19 17 16 20 21 25 22 23 24 0 12 10 11 1 5 (1061) Elapsed time: 0.0139018 s
13 9 8 7 6 4 5 3 1 2 14 10 11 12 15 18 19 17 16 20 21 25 24 23 22 0 13 (1090) Elapsed time: 0.0137137 s
9 13 14 12 11 10 2 8 15 18 19 17 16 20 21 25 23 22 24 0 1 3 4 5 6 7 9 (1039) Elapsed time: 0.010651 s
21 20 25 16 17 19 18 15 7 6 8 9 10 12 11 14 13 1 3 4 5 2 0 24 23 22 21 (1032) Elapsed time: 0.0107768 s
13 14 2 5 4 3 1 0 24 23 22 25 21 20 16 17 18 19 15 10 12 11 9 8 6 7 13 (1033) Elapsed time: 0.0138751 s
6 7 8 9 14 12 11 10 15 18 19 17 16 20 21 25 22 23 24 0 1 2 13 4 5 3 6 (998) Elapsed time: 0.008261 s
15 8 9 11 10 12 13 14 0 24 23 22 25 21 20 16 17 18 19 7 6 5 4 3 2 1 15 (1095) Elapsed time: 0.0133714 s
23 22 20 21 25 16 17 19 18 15 9 8 7 6 4 5 3 2 1 14 13 10 11 12 0 24 23 (1044) Elapsed time: 0.0090374 s
23 22 24 0 1 3 4 5 2 14 13 12 11 10 9 8 7 6 15 18 19 16 17 20 21 25 23 (1026) Elapsed time: 0.0174188 s
13 14 12 10 9 11 15 8 7 6 3 4 5 19 18 17 16 20 25 21 22 23 24 0 1 2 13 (1100) Elapsed time: 0.0095739 s
21 20 16 17 19 18 15 8 9 13 14 10 12 11 2 4 3 5 6 7 1 0 24 25 22 23 21 (1114) Elapsed time: 0.0068653 s
2 1 5 4 3 8 9 7 6 15 18 19 16 17 20 21 25 22 23 24 0 11 12 10 13 14 2 (1087) Elapsed time: 0.0059182 s
25 21 20 16 17 19 18 15 9 13 14 10 12 11 2 3 5 4 6 7 8 1 0 22 23 24 25 (1124) Elapsed time: 0.0189611 s
15 7 6 8 9 10 12 11 14 13 2 18 19 17 16 20 21 25 22 23 24 0 1 5 3 4 15 (1105) Elapsed time: 0.0151314 s
sredni czas: 0.0146104 s