8 81 2 79 26 4 62 38 76 94 96 11 87 108 20 92 63 52 1 114 10 50 22 102 118 3 33 115 69 7 53 89 95 110 23 59 15 60 28 29 31 91 27 119 44 77 85 93 80 14 58 75 0 73 86 13 74 43 49 45 19 106 112 68 64 42 67 78 57 99 51 32 90 107 18 24 17 84 21 65 30 116 117 16 97 41 48 12 40 55 6 37 39 71 104 25 70 46 54 5 83 34 9 113 72 56 82 66 36 61 98 103 35 111 109 88 47 101 100 105 8 (8112) Elapsed time: 0.843518 s
117 48 16 97 41 40 55 6 37 102 118 46 70 25 3 33 115 69 7 59 23 110 95 89 53 54 88 5 83 34 9 98 103 35 111 109 100 101 47 2 81 8 22 10 50 114 1 92 108 20 63 52 26 79 4 62 38 94 11 96 87 76 113 72 56 82 66 36 61 105 71 39 104 73 86 13 74 43 49 45 19 112 64 42 107 24 18 116 84 21 85 93 80 77 44 27 91 31 29 28 119 60 15 0 75 14 58 65 30 17 106 68 78 57 99 32 51 90 67 12 117 (8121) Elapsed time: 0.627224 s
33 25 69 115 7 53 89 54 5 83 34 9 98 103 35 111 105 61 36 66 56 82 38 62 4 26 79 100 109 88 47 101 113 72 76 94 96 11 87 108 20 92 63 52 1 114 10 50 22 8 81 2 118 102 37 6 39 71 104 73 86 13 74 43 49 97 41 16 117 48 112 68 64 42 67 78 57 99 32 51 90 107 106 19 45 40 55 85 93 80 21 30 65 116 84 17 18 24 12 77 44 27 91 31 28 75 0 15 60 119 29 14 58 59 23 110 95 70 46 3 33 (8215) Elapsed time: 0.934261 s
22 8 10 114 1 92 108 20 87 63 52 76 94 11 96 38 82 56 72 113 88 54 5 83 34 9 98 61 36 66 103 105 35 111 109 100 79 26 4 62 81 2 101 47 46 70 25 33 115 69 7 53 89 95 110 23 59 15 60 0 119 27 91 31 29 28 75 14 58 93 77 44 85 74 43 49 45 19 106 68 64 42 107 24 18 84 21 116 65 30 17 112 117 48 16 97 41 40 55 6 37 102 118 3 39 71 104 73 86 13 80 57 78 99 51 32 90 67 12 50 22 (8285) Elapsed time: 0.312209 s
17 84 21 85 13 86 73 104 39 71 6 37 3 33 25 69 115 7 59 23 110 95 89 53 70 46 54 88 47 101 100 109 111 105 113 72 56 82 66 36 61 98 103 35 5 83 34 9 38 62 76 63 108 92 20 1 114 10 50 8 22 102 118 2 81 52 26 79 4 94 96 11 87 12 67 90 57 78 32 51 99 107 24 18 116 30 65 80 93 77 44 27 91 31 29 28 119 60 15 0 75 58 14 49 45 19 117 48 16 97 41 40 55 43 74 112 68 64 42 106 17 (8296) Elapsed time: 0.618939 s
80 85 13 86 73 27 91 31 29 28 119 44 77 93 14 58 75 0 60 15 59 23 110 95 53 89 70 46 54 5 83 35 111 109 88 47 101 100 79 26 4 62 72 56 82 38 94 96 11 87 20 108 92 52 63 76 105 113 61 36 66 9 34 103 98 2 81 1 114 10 50 22 8 102 118 3 33 25 115 69 7 71 39 104 6 37 55 40 16 117 48 19 106 112 68 64 42 78 57 99 32 51 90 67 107 24 18 17 84 21 65 30 116 12 41 97 49 45 43 74 80 (8316) Elapsed time: 0.819285 s
40 55 86 13 74 43 49 45 19 112 106 68 64 42 67 78 57 99 51 32 90 107 24 18 17 84 116 65 30 21 85 93 77 44 91 31 29 28 75 0 60 15 59 23 110 95 89 53 70 46 47 101 100 79 26 4 62 76 63 108 92 52 81 2 118 102 8 22 10 50 1 114 20 87 96 11 94 38 82 56 72 113 105 111 109 88 54 5 83 35 103 98 61 36 66 9 34 3 33 25 69 115 7 39 71 6 37 73 104 27 119 58 14 80 97 41 16 117 48 12 40 (8060) Elapsed time: 0.960438 s
60 15 59 23 110 7 115 69 33 25 3 118 102 8 22 10 50 1 114 20 92 108 63 52 26 79 2 81 4 62 76 94 96 11 87 38 82 56 72 113 105 35 111 109 88 54 5 83 34 9 103 98 61 36 66 100 101 47 46 70 53 89 95 0 75 28 119 27 91 29 31 14 58 44 77 93 80 85 13 86 73 71 39 104 37 6 55 40 41 97 16 117 48 45 49 43 74 17 84 21 65 30 116 18 24 107 42 78 57 99 32 51 90 67 68 112 19 106 64 12 60 (8269) Elapsed time: 0.617478 s
2 81 1 114 10 50 22 8 102 118 3 25 33 69 115 7 53 89 95 110 23 59 15 60 119 28 31 29 91 27 44 77 93 80 14 58 75 0 104 73 86 13 85 74 43 45 49 97 41 16 117 48 19 106 42 64 68 112 67 78 57 99 32 51 90 107 24 18 17 84 21 65 30 116 12 40 55 6 37 71 39 70 46 47 101 100 79 26 4 62 72 56 82 66 36 61 98 103 111 109 88 54 5 83 34 9 105 113 52 92 108 20 87 63 76 94 96 11 38 35 2 (8327) Elapsed time: 0.619166 s
17 106 19 45 49 43 74 13 86 73 27 119 28 29 31 91 14 58 115 69 7 59 23 110 53 89 95 54 88 47 109 111 105 34 9 98 61 36 66 56 72 113 100 101 2 81 1 114 20 63 76 62 4 26 79 52 92 108 87 96 11 94 38 82 103 35 83 5 46 70 25 33 3 118 102 8 22 10 50 12 48 117 16 97 41 40 55 6 37 71 39 104 15 60 75 0 44 77 93 80 85 21 84 116 30 65 18 24 107 42 78 57 99 51 32 90 67 64 68 112 17 (7991) Elapsed time: 0.717707 s
103 35 83 5 54 70 46 25 33 115 69 7 53 89 95 110 23 59 15 60 75 28 29 119 91 73 27 44 77 93 80 21 84 116 65 30 17 18 24 107 42 67 78 57 99 32 51 90 112 68 64 106 19 45 49 43 74 13 86 85 14 58 0 31 104 39 71 6 55 40 97 41 16 117 48 12 50 10 114 1 92 20 108 63 76 94 96 11 87 52 2 81 8 22 102 118 3 37 101 100 109 111 47 88 113 105 61 36 66 72 56 82 38 62 4 26 79 98 9 34 103 (8282) Elapsed time: 0.513642 s
74 43 45 19 106 112 68 64 42 78 57 99 32 51 90 67 107 24 18 84 21 80 93 85 13 86 73 104 39 71 6 37 102 118 3 33 25 69 115 7 59 23 110 95 53 89 54 5 35 111 109 100 47 101 46 70 88 83 34 9 98 103 105 36 66 72 113 4 38 76 94 11 96 87 108 92 20 114 1 81 2 79 26 52 63 62 56 82 61 10 8 22 50 12 48 117 16 97 41 49 40 55 77 44 27 91 31 29 119 28 75 0 15 60 14 58 30 65 116 17 74 (8275) Elapsed time: 0.41321 s
82 56 72 62 4 26 79 100 101 47 109 111 35 103 98 105 113 36 66 61 9 34 83 5 54 88 46 70 25 33 115 69 7 53 89 95 110 23 59 15 60 119 28 75 0 14 58 29 31 91 27 44 77 93 85 13 86 43 74 45 19 16 117 48 112 68 64 42 107 24 18 84 21 17 116 65 30 80 73 104 71 39 3 118 102 8 22 50 10 114 1 92 108 20 87 96 11 94 76 63 52 81 2 37 6 55 40 41 97 49 106 78 57 99 51 32 90 67 12 38 82 (8264) Elapsed time: 0.417392 s
87 20 92 108 63 76 94 96 11 38 62 4 26 79 113 72 56 82 66 36 61 98 103 35 83 34 9 105 111 109 100 101 47 88 54 5 46 70 25 33 115 69 7 53 89 95 110 23 59 15 60 28 29 31 91 27 119 75 0 73 13 86 43 74 45 49 97 16 117 48 41 40 55 6 37 102 8 22 10 114 1 81 2 118 3 39 71 104 44 77 93 80 14 58 85 21 84 116 30 65 17 18 24 107 42 64 68 112 19 106 67 78 57 99 51 32 90 12 50 52 87 (8072) Elapsed time: 0.621708 s
80 14 58 75 0 60 15 59 23 110 95 53 89 54 5 88 47 101 100 109 111 35 103 98 61 36 66 56 82 38 62 4 26 79 2 81 8 10 50 22 102 118 3 33 115 69 7 25 70 46 83 34 9 105 113 72 52 76 94 96 11 87 63 108 92 20 1 114 12 48 117 112 68 64 42 78 57 99 32 51 90 67 106 19 16 97 41 40 55 6 37 71 39 104 73 27 119 28 29 31 91 44 77 93 85 13 86 43 74 45 49 17 84 18 24 107 21 65 30 116 80 (7920) Elapsed time: 0.724003 s
111 109 88 54 5 83 34 9 98 61 36 66 56 72 113 100 79 26 4 62 38 76 94 96 11 87 108 20 92 63 52 1 114 10 50 22 8 102 118 37 6 55 40 86 13 85 93 80 65 30 21 84 116 18 24 17 74 43 45 49 97 41 16 117 48 112 68 64 42 67 78 57 99 51 32 90 12 107 106 19 73 104 39 71 115 69 7 53 89 95 110 23 59 15 60 119 28 29 31 91 27 44 77 14 58 75 0 46 70 25 33 3 47 101 2 81 82 105 103 35 111 (8309) Elapsed time: 0.62485 s
85 13 86 73 104 39 71 6 37 102 8 22 50 10 114 1 20 108 92 63 87 96 11 94 76 62 72 56 82 38 113 26 52 4 79 2 81 118 101 100 109 47 88 54 5 83 34 9 98 61 36 66 105 35 111 103 46 70 69 115 33 25 3 7 53 89 95 110 23 59 60 15 0 75 28 119 29 31 91 27 44 77 93 80 14 58 21 65 30 116 84 17 18 24 64 42 67 78 57 99 32 51 90 107 106 68 112 19 45 49 97 41 16 117 48 12 74 43 40 55 85 (8157) Elapsed time: 0.424861 s
67 78 57 99 51 32 90 112 68 64 42 107 24 18 17 84 21 85 93 77 44 27 91 119 28 29 31 14 58 75 0 60 15 59 23 110 95 89 53 70 46 54 88 47 101 100 109 111 105 98 61 36 66 56 82 38 62 4 26 79 2 81 8 22 10 50 114 1 92 108 63 76 94 96 11 87 20 52 72 113 35 83 34 9 103 5 3 25 33 69 115 7 118 102 37 6 55 40 41 97 49 45 43 74 13 86 73 71 39 104 80 65 30 116 106 19 16 117 48 12 67 (8124) Elapsed time: 0.817775 s
46 70 25 33 3 69 115 7 53 89 95 110 23 59 15 60 75 0 29 31 91 27 119 28 44 77 93 80 21 84 17 18 24 107 42 64 68 112 19 45 49 97 16 117 48 41 40 55 6 37 71 39 104 73 86 13 74 43 85 14 58 30 65 116 106 67 78 57 99 51 32 90 12 50 10 114 1 81 8 22 102 118 2 101 47 88 54 5 83 34 9 103 98 61 36 66 72 62 4 26 79 100 109 111 35 105 113 52 63 92 108 20 87 96 11 94 76 38 82 56 46 (8226) Elapsed time: 0.629075 s
14 58 75 28 29 31 119 27 44 77 93 80 21 65 30 116 84 17 18 24 107 42 64 68 112 19 106 78 57 99 51 32 90 67 12 48 117 16 97 41 40 55 6 37 102 118 3 33 25 69 115 7 53 89 54 46 70 47 101 100 109 111 105 113 72 56 82 38 76 94 96 11 87 108 20 92 1 114 10 50 22 8 81 2 79 26 4 62 63 52 9 98 61 36 66 103 35 88 5 83 34 95 110 23 59 15 60 0 39 71 104 73 86 13 85 74 43 45 49 91 14 (8169) Elapsed time: 0.641019 s
94 96 11 87 108 20 92 63 52 38 62 4 26 79 100 101 47 88 54 5 83 35 103 34 9 98 61 36 66 82 56 72 113 105 111 109 89 53 7 69 115 33 25 3 118 102 8 22 50 10 114 1 81 2 37 6 55 40 41 97 16 117 48 19 45 49 43 74 13 86 73 104 39 71 70 46 95 110 23 59 15 60 28 75 0 44 119 27 91 31 29 14 58 80 93 85 77 21 65 30 116 84 17 18 24 107 42 78 57 99 32 51 67 90 64 68 112 106 12 76 94 (8218) Elapsed time: 0.712519 s
25 3 33 115 69 7 53 89 95 110 23 59 15 60 0 75 28 29 31 27 91 93 80 14 58 119 44 77 13 86 43 45 19 106 107 42 64 68 112 48 117 16 97 41 49 74 85 21 84 116 65 30 17 18 24 78 57 99 32 51 90 67 12 50 10 8 22 118 102 37 6 55 40 73 104 71 39 46 70 54 88 5 83 34 9 98 103 35 111 109 100 79 26 4 113 72 56 82 66 36 61 105 52 2 81 1 114 20 108 92 63 76 94 96 11 87 38 62 101 47 25 (8262) Elapsed time: 0.621235 s
80 93 77 91 27 119 28 29 31 14 58 75 0 60 15 59 23 110 95 89 53 7 115 69 33 25 3 118 102 8 22 10 50 114 1 81 2 101 47 109 111 105 35 103 98 61 36 66 56 72 113 79 100 26 4 62 76 63 52 92 108 20 87 96 11 94 38 82 9 34 83 5 54 88 46 70 39 71 6 37 104 73 86 13 74 43 45 49 97 41 16 117 48 19 112 68 64 42 67 78 57 99 32 51 90 106 107 24 18 84 21 65 30 116 17 85 44 40 55 12 80 (8313) Elapsed time: 0.696546 s
5 83 34 9 98 61 36 66 56 82 38 62 4 26 79 2 81 1 114 20 108 92 52 63 76 94 96 11 87 113 72 105 103 35 111 109 47 88 54 70 46 25 3 33 115 69 7 53 89 95 110 23 59 15 60 28 119 27 91 31 29 14 58 75 0 104 73 71 39 37 6 55 40 41 97 49 45 19 16 117 48 43 74 13 86 44 77 93 80 85 21 84 116 18 24 107 106 42 67 78 57 99 51 32 90 17 65 30 68 112 64 12 50 10 22 8 102 118 101 100 5 (8219) Elapsed time: 0.415741 s
18 24 107 42 64 68 112 106 19 45 49 97 16 117 48 41 40 55 6 37 3 25 33 115 69 7 53 89 95 110 23 59 15 60 28 29 31 91 77 93 80 14 58 75 0 119 27 44 86 13 85 74 43 73 104 71 39 70 46 54 88 47 101 100 109 111 35 5 83 34 9 98 61 36 66 56 82 72 113 105 103 102 118 2 81 8 22 10 50 114 1 92 108 20 63 76 62 4 26 79 52 38 94 96 11 87 12 67 78 57 99 51 32 90 17 84 21 65 30 116 18 (8289) Elapsed time: 0.630643 s
22 8 102 118 3 33 25 70 46 54 88 47 35 5 83 34 9 98 61 36 66 56 72 113 100 101 2 81 52 26 4 62 76 94 96 11 87 108 20 92 63 38 82 105 103 111 109 79 114 1 10 50 12 41 97 16 117 48 19 45 49 43 74 85 21 65 30 116 18 24 107 42 78 57 99 32 51 67 90 64 68 112 106 17 84 13 86 73 27 91 31 29 28 75 0 60 15 59 23 110 95 53 89 7 69 115 71 39 104 44 77 93 80 14 58 119 55 40 6 37 22 (8224) Elapsed time: 0.685167 s
111 109 88 54 5 83 35 103 98 61 36 66 56 82 38 62 4 26 79 113 72 105 9 34 25 33 3 37 6 55 40 41 97 16 117 48 49 45 43 74 13 86 73 104 71 39 46 70 115 69 7 53 89 95 110 23 59 15 60 119 27 31 29 28 75 0 14 58 85 77 44 91 80 93 21 84 116 65 30 17 18 24 107 42 64 68 112 19 106 78 57 99 32 51 90 67 12 50 10 114 1 81 2 52 92 20 108 63 76 94 96 11 87 8 22 102 118 101 47 100 111 (8247) Elapsed time: 0.791125 s
98 61 36 66 56 82 38 94 96 11 87 108 92 52 26 79 100 101 47 46 70 53 89 95 110 23 59 69 115 33 25 3 118 102 8 22 10 50 114 1 81 2 109 111 35 88 5 83 34 9 103 105 113 72 62 4 76 63 20 12 48 117 16 97 41 49 45 19 106 68 112 64 42 78 57 99 51 32 90 67 107 24 18 17 84 21 65 30 116 74 43 40 55 6 37 39 71 104 14 58 75 28 29 31 91 119 27 44 77 93 80 85 13 86 73 15 60 0 7 54 98 (8308) Elapsed time: 0.72097 s
64 68 112 19 45 49 43 74 13 86 73 27 91 31 29 28 75 0 60 15 59 23 110 95 53 89 54 47 101 100 109 111 35 83 34 9 98 61 36 66 56 82 38 62 4 26 79 2 81 52 63 108 92 1 114 10 50 22 8 102 118 3 33 25 115 69 7 70 46 5 88 103 105 113 72 76 94 96 11 87 20 12 48 117 16 97 41 40 55 6 37 71 39 104 44 77 93 80 21 65 30 116 84 18 24 107 42 67 78 57 99 51 32 90 106 17 85 14 58 119 64 (8211) Elapsed time: 0.739196 s
31 29 28 75 0 60 15 59 23 110 95 53 89 54 88 47 101 100 109 111 105 98 61 36 66 72 113 4 62 76 63 108 92 1 114 10 22 8 102 118 37 6 55 40 97 41 16 117 48 19 45 49 43 74 13 86 85 77 93 80 14 58 91 44 27 119 73 104 39 71 25 3 33 115 69 7 70 46 5 35 83 34 9 103 82 56 38 94 96 11 87 20 52 26 79 2 81 50 12 64 42 67 78 57 99 32 51 90 107 106 68 112 17 84 21 65 30 116 18 24 31 (8291) Elapsed time: 0.516192 s
94 76 62 4 52 26 79 100 101 47 109 111 35 83 34 9 98 103 105 36 61 66 82 56 72 113 88 54 5 46 70 25 3 37 6 55 40 41 97 16 117 48 19 45 49 43 74 13 86 73 104 39 71 33 115 69 7 53 89 95 110 23 59 15 60 119 27 31 29 28 75 0 91 14 58 80 93 77 44 85 21 17 84 116 65 30 18 24 107 42 64 68 112 106 67 78 57 99 32 51 90 12 50 10 114 1 81 2 118 102 8 22 87 63 92 108 20 96 11 38 94 (8069) Elapsed time: 0.722517 s
37 6 55 40 49 97 41 16 117 48 45 19 106 112 68 64 42 107 24 18 116 84 21 65 30 80 93 77 44 27 119 28 29 31 91 14 58 75 0 60 15 59 23 110 95 89 53 70 46 54 5 88 109 111 35 83 34 9 98 103 105 113 72 56 82 66 36 61 47 101 100 79 26 4 62 76 94 96 11 87 20 108 92 1 114 10 50 12 67 78 57 99 51 32 90 17 74 43 86 13 85 73 104 39 71 33 25 69 115 7 3 118 102 8 22 81 2 52 63 38 37 (8205) Elapsed time: 0.804052 s
0 119 28 29 31 91 27 44 77 93 80 85 13 86 73 104 71 39 33 25 69 115 7 53 89 95 110 23 59 15 60 75 58 14 21 84 17 18 24 116 65 30 107 42 64 68 112 106 19 45 49 97 41 16 117 48 43 74 40 55 6 37 102 118 3 70 46 54 88 5 83 34 9 98 61 36 66 56 72 113 100 101 47 109 111 35 103 105 82 38 62 4 76 94 96 11 87 20 92 108 63 52 26 79 2 81 8 22 10 114 1 50 12 90 67 78 57 99 32 51 0 (8306) Elapsed time: 1.41578 s
108 92 63 76 94 96 11 87 20 1 114 10 50 22 8 102 118 3 33 25 7 53 89 95 110 23 59 15 60 28 29 31 91 27 119 44 77 93 80 65 30 116 18 24 107 68 112 19 45 43 86 13 74 85 21 84 17 106 64 42 78 57 99 51 32 90 67 12 48 117 16 97 41 49 40 55 6 37 71 39 104 73 14 58 75 0 115 69 70 46 47 88 54 5 83 34 9 103 98 61 36 66 72 56 82 62 4 26 79 100 101 109 111 35 105 113 52 2 81 38 108 (8011) Elapsed time: 0.419231 s
49 43 74 85 93 80 14 58 91 31 29 28 75 0 15 60 119 27 44 77 13 86 73 104 39 71 69 115 7 3 33 25 70 46 47 101 100 109 111 105 103 98 61 36 66 72 56 82 38 76 94 96 11 87 108 92 20 114 10 50 22 8 102 118 2 81 1 63 52 26 79 113 4 62 35 83 34 9 5 88 54 89 95 110 23 59 53 6 37 55 40 41 97 16 117 48 45 112 68 64 42 67 90 99 51 32 57 78 107 24 18 17 84 21 65 30 116 106 19 12 49 (8244) Elapsed time: 0.65506 s
18 17 84 21 65 30 116 85 93 80 77 44 27 119 28 29 31 91 14 58 75 0 60 15 59 23 110 95 89 53 7 69 115 33 25 3 118 102 8 81 2 79 26 4 62 76 94 96 11 87 108 20 1 114 10 50 22 37 6 55 40 41 97 16 117 48 112 68 64 42 67 78 57 99 32 51 90 106 19 45 49 43 74 13 86 73 104 39 71 46 70 54 88 109 100 101 47 5 83 35 111 103 98 61 36 66 56 72 113 105 34 9 82 38 63 92 52 12 107 24 18 (8114) Elapsed time: 1.5122 s
58 14 29 28 119 27 44 77 93 80 85 21 65 30 116 84 17 18 24 107 42 64 68 112 106 19 45 49 97 41 16 117 48 40 55 6 37 102 118 3 25 33 115 69 7 53 89 95 110 23 59 15 60 75 0 104 39 71 73 86 13 74 43 67 78 57 99 32 51 90 12 50 22 8 10 114 1 81 2 79 26 4 62 76 63 108 92 52 113 72 56 82 38 94 11 96 87 20 47 101 100 111 109 88 54 5 83 34 9 98 61 36 66 105 103 35 46 70 31 91 58 (8327) Elapsed time: 0.514836 s
18 24 107 42 64 68 112 19 106 17 84 21 85 93 80 65 30 116 74 43 45 49 97 41 16 117 48 12 50 10 114 1 92 108 20 63 76 62 4 26 79 100 101 47 109 111 105 113 72 56 82 38 94 96 11 87 52 81 2 118 102 8 22 37 6 55 40 86 13 44 77 91 31 29 28 119 27 14 58 75 0 60 15 59 23 110 95 89 53 70 46 54 88 35 83 5 103 98 61 36 66 9 34 3 33 25 69 115 7 104 39 71 73 78 57 99 32 51 90 67 18 (8310) Elapsed time: 1.12266 s
53 89 95 110 23 59 15 60 28 29 31 91 27 44 77 93 80 14 58 85 13 86 73 104 71 39 33 115 69 25 3 37 6 55 40 41 97 49 45 19 112 68 64 42 67 90 78 57 99 32 51 24 18 17 84 21 65 30 116 107 106 74 43 16 117 48 12 50 10 8 22 102 118 2 81 1 114 20 92 63 108 87 96 11 94 76 62 4 26 79 100 101 47 109 111 88 54 5 83 35 103 98 61 36 66 82 56 72 113 52 38 105 9 34 46 70 7 0 75 119 53 (8262) Elapsed time: 0.410368 s
32 51 99 57 78 67 64 68 112 106 19 45 49 97 41 16 117 48 12 50 10 114 1 92 63 52 26 79 81 2 101 100 109 111 105 61 36 66 56 82 38 94 11 96 87 20 108 76 62 72 113 4 47 88 5 83 34 9 98 103 35 54 46 70 25 33 3 118 102 22 8 37 6 55 40 73 86 43 74 13 85 93 77 44 27 119 28 29 31 91 14 58 75 0 60 15 59 23 110 95 53 89 7 69 115 104 39 71 80 65 30 116 84 21 17 18 24 107 42 90 32 (7862) Elapsed time: 0.727682 s
4 62 63 76 52 26 79 113 72 56 82 66 36 61 98 103 35 83 5 54 88 47 109 111 105 34 9 89 53 95 110 23 59 7 69 115 33 25 3 118 102 8 22 81 2 101 100 46 70 0 60 15 119 91 31 29 28 75 58 14 27 44 77 93 80 85 13 86 73 104 39 71 6 37 55 40 97 41 16 117 48 49 45 19 106 68 112 64 42 67 78 57 99 32 51 90 107 24 18 84 21 116 30 65 17 74 43 12 50 10 114 1 92 20 108 87 96 11 94 38 4 (8252) Elapsed time: 0.411366 s
66 36 61 98 103 34 9 83 5 35 111 109 88 54 46 70 25 3 118 102 22 8 10 1 114 20 108 63 76 62 4 26 79 100 101 47 105 113 72 56 82 38 94 96 11 87 92 52 81 2 50 12 64 68 112 106 19 45 49 97 41 16 117 48 43 74 13 86 55 40 6 37 71 39 104 73 31 29 28 119 27 91 77 44 93 80 21 84 116 65 30 18 24 107 42 78 57 99 32 51 90 67 17 85 14 58 75 0 60 15 59 23 110 95 89 53 7 69 115 33 66 (8211) Elapsed time: 0.408602 s
65 30 116 84 21 17 18 24 107 42 68 112 64 67 78 57 99 51 32 90 106 19 45 49 43 74 13 85 93 77 44 27 119 28 75 0 60 15 59 23 110 95 89 53 7 69 115 33 3 25 46 70 5 54 88 109 111 35 83 34 9 98 103 61 36 66 56 82 113 81 2 79 26 4 62 76 94 96 11 87 20 108 92 63 52 8 22 102 118 101 100 47 72 105 38 1 114 10 50 12 48 117 16 97 41 40 55 6 37 71 39 104 73 86 91 31 29 14 58 80 65 (8155) Elapsed time: 0.413135 s
27 91 31 119 28 29 14 58 75 0 60 15 59 23 53 89 95 110 7 115 69 33 25 3 118 2 81 1 114 20 92 52 26 79 4 62 76 63 108 87 94 96 11 38 82 56 72 113 105 35 83 9 34 103 98 61 36 66 100 101 47 88 109 111 5 54 46 70 104 71 39 6 37 102 8 22 10 50 12 48 117 16 97 41 40 55 86 13 74 43 45 49 19 106 64 42 78 57 99 51 32 90 67 112 68 107 24 18 17 84 21 85 93 77 44 80 65 30 116 73 27 (8124) Elapsed time: 0.421617 s
21 84 18 17 106 19 45 49 16 97 41 40 55 6 37 71 39 33 25 115 69 7 53 89 95 110 23 59 15 60 119 28 29 31 91 27 44 77 93 85 13 86 43 74 73 14 58 75 0 104 3 46 70 54 5 83 34 9 98 103 105 36 61 66 56 72 113 100 101 47 109 111 35 88 62 76 94 96 11 87 108 20 92 63 52 26 79 4 38 82 1 114 10 22 8 102 118 2 81 50 12 48 117 112 68 64 42 78 57 99 51 32 90 67 107 24 116 65 30 80 21 (8281) Elapsed time: 0.510728 s
65 30 116 84 21 17 18 24 107 42 64 68 112 117 16 48 49 97 41 40 55 6 37 102 8 22 50 10 114 1 92 108 20 87 96 11 94 76 63 52 26 79 100 101 47 88 54 5 83 35 111 109 103 98 61 36 66 56 82 38 62 72 113 105 34 9 70 46 25 33 69 115 7 53 89 95 110 23 59 15 60 28 29 31 91 27 44 77 93 80 14 58 75 0 119 73 71 39 104 3 118 2 81 4 12 78 57 99 51 32 90 67 106 19 45 43 74 13 86 85 65 (8262) Elapsed time: 0.897041 s
112 68 64 42 67 78 57 99 32 51 90 107 24 18 17 21 84 116 65 30 80 93 77 44 27 91 31 119 28 29 14 58 75 0 60 15 59 23 110 95 89 53 70 46 88 54 5 83 34 9 61 36 66 82 56 72 113 100 101 47 109 111 105 103 98 35 25 33 115 69 7 3 118 102 8 22 10 114 1 52 26 79 2 81 20 108 92 63 76 62 4 38 94 96 11 87 50 12 48 16 117 19 45 49 97 41 40 55 6 37 71 39 104 73 86 13 74 43 85 106 112 (7997) Elapsed time: 0.429671 s
71 39 104 73 86 43 74 13 85 93 80 21 84 18 24 107 42 64 68 112 106 19 45 49 97 41 16 117 48 12 50 10 114 1 92 108 20 87 63 52 26 79 4 76 94 96 11 38 62 72 113 100 109 88 54 5 83 35 34 9 98 61 36 66 56 82 105 103 111 47 101 2 81 8 22 102 118 3 33 25 69 115 7 53 89 95 110 23 59 15 60 119 27 44 77 91 31 29 28 75 0 14 58 65 30 116 17 67 78 57 99 32 51 90 40 55 6 37 70 46 71 (8179) Elapsed time: 0.931015 s
48 117 16 97 41 49 45 19 106 68 64 42 107 78 57 99 32 51 90 67 112 17 21 84 18 24 116 30 65 80 77 44 27 91 31 29 28 119 60 15 59 23 110 95 89 53 7 69 115 33 25 3 118 102 8 22 50 10 114 1 81 2 79 26 4 62 76 94 96 11 87 108 20 92 52 63 38 82 56 72 113 100 101 47 109 111 105 36 66 61 98 103 35 5 83 34 9 54 88 46 70 39 71 55 40 6 37 104 73 86 13 74 85 93 14 58 75 0 12 43 48 (8234) Elapsed time: 0.7373 s
32 51 99 57 78 67 64 68 112 19 45 49 97 41 40 55 6 37 71 39 104 73 86 13 85 93 77 44 27 119 28 29 31 91 14 58 75 0 60 15 59 23 110 95 89 53 7 115 33 25 3 118 102 8 22 10 50 114 1 92 108 20 87 96 11 94 76 62 4 26 79 100 109 111 35 83 5 54 88 47 101 2 81 52 63 38 82 56 72 113 105 98 61 66 36 103 34 9 46 70 69 80 21 65 30 116 84 17 18 24 107 106 42 90 12 48 117 16 43 74 32 (8185) Elapsed time: 0.835983 s
68 64 42 107 24 18 84 21 65 30 116 85 93 80 14 58 29 31 91 27 119 28 75 0 60 15 59 23 110 95 89 53 7 69 115 33 25 3 118 102 8 22 50 10 114 1 81 2 79 4 62 76 63 52 26 113 72 56 82 38 94 96 11 87 108 20 92 100 101 47 88 54 5 83 34 9 98 61 36 66 105 103 35 111 109 70 46 104 71 39 37 6 55 40 41 97 49 45 19 106 112 16 117 48 43 74 13 86 73 77 44 17 57 78 67 90 99 51 32 12 68 (8159) Elapsed time: 0.826054 s
7 69 115 33 25 3 118 102 8 22 50 10 114 1 92 108 20 63 76 62 4 26 79 2 81 52 87 96 11 94 38 82 56 72 113 100 101 47 88 54 5 83 35 111 109 105 61 36 66 103 98 34 9 70 46 53 89 95 110 23 59 15 60 119 31 29 28 75 0 58 14 91 27 44 77 93 80 85 13 86 73 104 39 71 6 37 55 40 41 97 49 45 19 106 112 68 64 57 78 67 90 51 32 99 42 107 18 24 17 84 21 65 30 116 74 43 16 48 117 12 7 (8231) Elapsed time: 0.509802 s
75 28 29 31 91 27 119 60 15 59 23 110 95 89 53 70 46 54 5 83 34 9 98 61 36 66 56 72 113 105 111 109 100 101 47 88 2 81 1 92 52 26 79 4 62 76 63 108 20 87 96 11 94 38 82 103 35 7 69 115 33 25 3 118 102 8 22 10 50 114 12 48 117 16 97 41 49 45 19 106 112 68 64 42 78 57 99 32 51 90 67 107 18 24 116 65 30 84 21 17 85 93 77 44 13 86 73 104 39 71 37 6 55 40 43 74 80 14 58 0 75 (8039) Elapsed time: 0.719254 s
106 68 64 42 78 57 99 51 32 67 90 107 18 24 116 84 21 65 30 80 93 77 44 27 91 31 29 28 75 0 60 15 59 23 110 95 89 53 7 69 115 33 3 25 70 46 54 88 47 109 111 105 61 36 66 72 56 82 38 4 26 79 100 101 2 81 8 102 118 37 6 55 40 41 97 16 117 48 19 45 49 43 74 86 13 85 14 58 119 73 104 71 39 9 34 83 35 5 103 98 113 62 76 94 96 11 87 108 92 52 63 20 1 114 10 50 22 12 112 17 106 (8305) Elapsed time: 0.725211 s
24 18 17 84 21 85 13 86 73 104 39 71 37 6 55 40 97 41 16 117 48 49 45 19 106 112 68 64 42 78 57 99 51 32 90 67 107 65 30 116 80 93 77 44 27 91 31 29 28 75 0 60 15 59 23 110 95 89 53 7 69 115 33 25 3 118 102 8 22 10 50 114 1 81 2 79 26 4 62 76 94 96 11 87 108 20 92 52 63 38 82 56 72 113 105 111 109 100 101 47 46 70 54 5 83 35 103 98 61 36 66 9 34 88 58 14 119 74 43 12 24 (8316) Elapsed time: 1.21743 s
58 14 91 27 119 28 29 31 75 0 60 15 59 23 110 95 89 53 7 69 115 33 25 3 39 71 104 73 86 13 74 43 49 97 41 16 117 48 19 45 77 93 80 21 85 44 30 65 116 84 17 18 24 107 42 64 68 112 106 78 57 99 32 51 90 67 12 50 10 114 1 92 108 20 87 96 11 94 76 63 52 26 79 100 101 47 109 111 35 5 83 34 103 98 61 36 66 72 56 82 38 62 4 113 105 9 46 70 54 88 2 81 8 22 102 118 37 6 55 40 58 (8246) Elapsed time: 1.0165 s
72 56 82 38 62 4 26 79 100 109 111 103 35 5 54 88 47 101 118 102 8 22 10 50 114 1 92 108 20 87 96 11 94 76 63 52 81 2 3 33 25 69 115 7 53 89 95 110 23 59 15 60 119 27 91 31 29 28 75 0 44 77 93 80 14 58 65 30 116 18 24 107 42 64 68 112 106 19 45 49 97 41 16 117 48 12 57 99 32 51 90 67 78 21 84 17 74 43 40 55 6 37 71 39 104 73 86 13 85 46 70 83 34 9 98 61 36 66 105 113 72 (8174) Elapsed time: 1.0538 s
119 27 91 31 29 28 75 0 60 15 59 7 115 69 25 33 3 39 71 104 73 86 13 74 43 49 45 19 112 68 64 42 107 24 18 17 116 30 65 84 21 85 93 80 14 58 77 44 106 67 78 57 99 51 32 90 12 48 117 16 97 41 40 55 6 37 118 102 8 22 50 10 114 1 81 2 79 26 52 63 92 108 20 87 96 11 94 76 38 56 72 113 100 101 47 109 111 35 88 54 5 83 34 9 98 61 36 66 82 62 4 103 105 46 70 53 89 95 110 23 119 (8052) Elapsed time: 0.622744 s
4 62 76 94 96 11 38 82 56 72 113 105 61 36 66 98 103 34 9 83 5 54 88 47 101 100 109 111 35 89 53 7 115 69 33 25 3 118 102 37 6 55 40 41 97 16 117 48 19 45 49 43 74 13 86 73 104 39 71 46 70 95 110 23 59 15 60 119 28 29 31 91 27 14 58 75 0 44 77 93 80 21 65 30 116 18 24 107 42 64 68 112 106 17 84 85 67 78 57 99 51 32 90 12 50 10 114 1 92 108 20 87 63 52 26 79 2 81 8 22 4 (8208) Elapsed time: 0.918818 s
97 41 16 117 48 49 45 19 106 112 68 64 42 67 78 57 99 51 32 90 107 24 18 17 84 21 116 30 65 80 93 77 44 27 91 31 29 28 119 14 58 75 0 60 15 59 23 110 95 89 53 7 69 115 33 25 3 118 102 22 10 114 1 92 108 20 87 96 11 38 62 4 26 79 100 109 111 105 113 72 56 82 66 36 61 98 103 35 88 54 5 83 34 9 70 46 47 101 2 81 52 63 76 94 50 8 55 40 6 37 71 39 104 73 86 13 74 43 85 12 97 (8215) Elapsed time: 0.468424 s
19 45 49 97 41 16 48 117 112 68 64 106 17 84 116 65 30 18 24 107 42 78 67 57 99 32 51 90 43 74 13 85 93 80 21 58 14 29 31 91 77 44 27 119 28 75 0 60 15 59 23 110 95 89 53 7 115 69 25 33 3 118 102 8 22 10 50 114 1 92 20 108 87 11 96 94 76 62 4 26 79 2 81 52 63 38 82 56 72 113 105 111 109 47 101 100 88 54 5 83 35 103 98 61 36 66 9 34 70 46 39 71 104 73 86 55 40 37 6 12 19 (8241) Elapsed time: 0.73682 s
86 13 74 43 85 21 84 18 24 107 42 64 68 112 67 78 57 99 32 51 90 106 19 45 49 97 41 16 117 48 12 50 10 114 1 81 2 79 26 52 76 94 11 96 87 108 20 92 63 38 62 4 56 82 66 36 61 98 103 34 9 83 35 111 109 47 101 100 113 72 105 88 54 5 46 70 25 69 115 33 3 118 102 8 22 37 6 55 40 71 39 104 73 27 91 31 29 28 119 77 44 93 80 14 58 75 0 60 15 59 23 110 95 89 53 7 65 30 116 17 86 (8248) Elapsed time: 0.562188 s
56 72 113 62 4 26 79 2 81 1 114 10 50 22 8 102 118 3 33 25 69 115 7 53 89 95 110 23 59 15 60 0 75 28 119 27 31 29 91 14 58 80 93 85 13 86 43 49 97 41 16 117 48 12 24 18 17 84 21 30 65 116 107 42 67 57 99 32 51 78 90 112 68 64 106 19 45 74 77 44 55 40 6 37 39 71 104 73 70 46 54 88 47 101 100 109 111 35 83 5 34 9 98 61 36 66 82 38 76 94 96 11 87 108 20 92 63 52 105 103 56 (8215) Elapsed time: 0.323932 s
82 56 72 62 76 94 96 11 87 20 108 63 92 114 1 10 50 22 8 102 118 2 81 52 100 101 47 109 111 35 83 5 54 88 46 70 25 3 37 6 39 71 33 115 69 7 53 89 95 110 23 59 15 60 75 0 28 31 91 27 44 77 93 80 58 14 29 119 73 86 13 85 74 43 49 45 19 106 112 68 64 42 107 24 18 84 21 65 30 116 17 67 78 57 99 32 51 90 12 48 117 16 97 41 40 55 104 9 34 103 98 61 36 66 105 113 4 26 79 38 82 (8084) Elapsed time: 0.440346 s
44 27 119 28 29 31 91 14 58 75 0 60 15 59 23 110 95 89 53 7 115 69 33 25 3 118 102 8 22 10 50 114 1 92 63 76 62 4 26 113 100 101 47 46 70 54 88 109 111 35 5 83 103 9 34 98 61 36 66 56 72 105 82 38 94 96 11 87 20 108 52 81 2 79 6 37 71 39 104 73 86 13 85 93 80 17 84 21 65 30 116 45 49 43 74 106 19 112 68 64 42 107 24 18 78 57 99 51 32 90 67 12 117 48 16 97 41 40 55 77 44 (8138) Elapsed time: 0.522817 s
91 31 27 44 77 93 80 85 13 86 73 104 39 71 37 6 55 40 43 74 17 18 24 107 42 64 68 112 106 19 45 49 97 16 117 48 41 12 51 32 99 57 78 67 90 84 21 65 30 116 14 58 75 0 60 15 59 23 110 95 89 53 7 69 115 33 25 3 47 88 54 5 83 35 34 9 98 61 36 66 72 56 82 38 62 76 94 11 96 87 108 20 92 63 52 4 26 79 100 113 105 103 111 109 101 2 81 8 22 50 10 114 1 118 102 46 70 119 28 29 91 (8231) Elapsed time: 0.523076 s
111 35 83 5 54 88 47 109 100 101 2 81 8 22 10 50 114 1 92 108 20 87 96 11 94 76 63 52 26 79 4 62 72 56 82 38 66 36 61 98 103 105 113 46 70 25 33 69 7 53 89 95 110 23 59 15 60 119 28 29 31 91 27 44 77 93 80 14 58 75 0 104 39 71 73 86 55 40 41 97 16 117 48 19 45 49 43 74 13 85 21 65 30 116 18 24 107 42 64 68 112 106 17 84 78 57 99 51 32 90 67 12 6 37 102 118 3 115 34 9 111 (8240) Elapsed time: 1.72233 s
108 20 87 96 11 94 76 63 52 92 1 114 10 50 22 8 102 118 2 81 26 79 100 101 47 88 54 5 83 34 9 98 61 36 66 56 82 38 62 4 113 72 105 103 35 111 109 46 70 25 33 115 69 7 53 89 95 110 23 59 15 60 119 31 29 28 75 0 104 44 77 93 85 21 65 30 116 84 17 18 24 107 42 64 68 112 106 19 45 49 97 41 16 117 48 12 67 78 57 99 32 51 90 80 14 58 91 27 73 13 86 43 74 40 55 6 37 71 39 3 108 (8088) Elapsed time: 0.912814 s
104 39 71 37 6 55 40 41 97 16 117 48 112 68 64 42 107 106 19 45 49 43 74 13 86 73 27 31 29 28 119 91 14 58 75 0 60 15 59 23 110 95 89 53 7 69 115 33 3 118 102 8 22 50 10 114 1 92 108 20 87 63 52 76 94 96 11 38 62 4 26 79 113 72 56 82 66 36 61 98 103 34 9 83 35 5 88 54 46 70 25 101 100 109 111 105 47 2 81 12 90 67 78 57 99 51 32 24 18 17 84 116 65 30 21 85 93 80 77 44 104 (7881) Elapsed time: 0.524909 s
78 57 99 32 51 90 67 42 64 68 112 19 45 49 97 41 16 117 48 12 50 10 8 22 37 6 55 40 43 106 17 84 21 80 93 77 44 27 91 31 29 119 28 75 0 60 15 59 23 110 95 89 53 70 46 54 5 83 34 9 98 61 36 66 56 72 82 38 62 4 26 79 100 101 47 109 111 35 103 105 113 102 118 2 81 1 114 20 92 108 87 96 11 94 76 63 52 88 3 33 115 69 25 7 39 71 104 73 86 13 74 85 58 14 30 65 116 18 24 107 78 (8039) Elapsed time: 0.429492 s
23 59 15 60 28 119 27 44 77 93 80 21 84 17 106 112 68 64 42 78 57 99 32 51 67 90 30 65 116 18 24 107 12 48 117 16 97 41 49 45 19 43 74 13 86 73 104 39 71 6 37 3 118 102 8 22 10 50 114 1 81 2 79 26 4 62 76 63 52 92 108 20 87 96 11 94 38 82 72 56 66 36 61 98 103 34 9 83 5 54 88 109 111 35 105 113 100 101 47 46 70 53 89 95 110 0 75 29 31 91 14 58 55 40 85 69 115 33 25 7 23 (8319) Elapsed time: 1.01638 s
97 41 16 117 48 49 45 19 106 68 112 64 42 78 57 99 32 51 90 67 107 18 24 17 84 21 85 13 74 43 86 73 104 71 39 6 37 102 118 3 33 25 69 115 7 53 89 95 110 23 59 15 60 28 119 91 31 29 75 0 14 58 80 93 77 44 27 65 30 116 40 55 70 46 54 88 5 35 83 34 9 98 103 111 105 66 36 61 82 56 72 113 109 47 101 100 79 26 4 62 76 38 94 96 11 87 108 20 114 1 92 63 52 81 2 8 22 10 50 12 97 (8189) Elapsed time: 0.836191 s
81 2 79 100 101 47 88 109 111 35 5 54 46 70 25 33 3 118 102 37 6 55 40 43 74 13 86 73 71 39 104 44 77 93 80 85 21 84 17 18 24 107 42 78 57 99 51 32 90 67 64 68 112 19 45 49 97 41 16 117 48 12 106 116 65 30 14 58 29 31 91 27 119 28 75 0 60 15 59 23 110 95 89 53 7 69 115 50 10 8 22 114 1 92 108 20 87 63 52 26 4 62 72 56 82 66 36 61 98 103 34 83 9 105 113 76 94 96 11 38 81 (8236) Elapsed time: 1.03217 s
57 99 32 51 90 67 78 42 64 68 112 106 19 45 43 74 13 86 73 104 71 39 33 25 69 115 7 53 89 95 110 23 59 15 60 28 119 27 91 31 29 14 58 75 0 44 77 93 80 85 21 84 17 18 24 107 116 65 30 49 97 41 16 117 48 12 50 10 114 1 81 2 79 26 4 62 76 94 96 11 87 108 20 92 52 63 38 82 56 72 113 100 101 47 88 109 111 35 83 46 70 54 5 34 9 98 103 61 36 66 105 3 118 102 8 22 37 6 55 40 57 (8188) Elapsed time: 0.720712 s
9 98 103 35 111 109 47 88 54 5 83 34 105 66 36 61 72 56 82 38 62 4 26 79 100 101 2 81 1 114 10 8 22 102 118 3 33 25 69 115 7 53 89 95 110 23 59 15 60 28 29 31 91 27 119 44 77 93 80 14 58 75 0 104 39 71 6 37 55 40 41 97 16 117 48 49 45 43 74 13 86 73 85 21 84 116 65 30 17 18 24 107 42 64 68 112 19 106 67 78 57 99 32 51 90 12 50 20 108 92 63 76 94 96 11 87 52 113 70 46 9 (8229) Elapsed time: 0.722835 s
44 77 93 80 85 13 43 74 86 73 104 39 71 37 6 55 40 12 48 117 16 97 41 49 45 19 106 112 68 64 42 67 78 57 99 32 51 90 17 18 24 107 116 65 30 84 21 14 58 31 29 28 75 0 60 15 59 23 53 89 95 110 7 115 69 33 25 3 118 102 22 8 10 50 114 1 92 108 20 87 96 11 94 76 63 52 26 79 2 81 101 100 109 111 35 83 34 9 98 103 105 113 72 56 82 66 36 61 38 62 4 5 54 88 47 46 70 119 27 91 44 (8177) Elapsed time: 0.624977 s
90 67 78 57 99 32 51 106 68 112 64 42 107 18 24 116 65 30 80 93 77 91 31 29 28 75 0 60 15 59 23 110 95 89 53 70 46 54 5 83 34 9 98 61 36 66 56 82 38 62 4 26 79 100 101 47 88 109 111 35 103 105 113 72 76 94 96 11 87 108 20 92 63 52 81 2 118 102 8 22 10 50 114 1 37 71 39 104 73 86 13 74 43 45 49 97 41 16 117 48 19 17 84 21 85 44 27 119 14 58 3 25 33 115 69 7 6 55 40 12 90 (8281) Elapsed time: 1.02303 s
73 86 13 85 93 80 14 58 75 28 29 31 91 27 44 77 119 60 15 59 23 110 95 89 53 7 69 115 33 25 3 118 102 37 6 55 40 97 41 16 117 48 112 68 64 42 78 57 99 32 51 90 67 107 24 84 21 65 30 116 18 17 106 19 45 49 43 74 12 50 10 114 1 20 108 92 52 63 76 62 4 26 79 2 81 8 22 87 96 11 94 38 82 56 72 113 66 36 61 98 103 35 83 34 9 105 111 109 100 101 47 46 70 54 88 5 39 71 104 0 73 (8119) Elapsed time: 0.713508 s
113 79 26 4 62 72 56 82 66 36 61 98 103 34 9 83 35 5 54 88 47 101 100 109 111 105 46 70 69 115 7 53 89 95 110 23 59 15 60 75 0 27 91 31 29 28 119 14 58 44 77 93 85 13 86 73 104 71 39 33 25 3 37 6 55 40 16 117 48 49 97 41 45 19 106 68 64 42 107 24 18 17 84 21 116 65 30 80 74 43 112 67 57 78 99 51 32 90 12 50 10 8 22 102 118 2 81 1 114 20 108 92 52 76 94 11 96 87 63 38 113 (8178) Elapsed time: 0.619865 s
28 29 31 91 44 77 93 80 85 21 84 116 65 30 18 24 107 42 64 68 112 19 45 49 97 41 40 55 6 37 102 118 2 81 1 114 10 50 22 8 26 4 62 76 94 96 11 87 108 63 52 92 20 38 82 56 72 113 79 100 101 47 109 111 35 83 34 9 98 61 36 66 105 103 5 54 88 46 70 25 3 33 115 69 7 53 89 95 110 23 59 15 60 119 27 73 86 13 74 43 17 106 67 78 57 99 51 32 90 12 48 16 117 71 39 104 58 75 0 14 28 (8296) Elapsed time: 0.718652 s
109 111 105 113 72 56 82 38 62 4 26 79 100 101 47 88 54 5 35 103 98 61 36 66 9 34 83 70 46 25 33 115 69 7 53 89 95 110 23 59 15 60 28 29 31 91 27 119 75 0 14 58 93 80 85 13 74 43 49 45 19 106 112 68 64 42 78 57 99 51 32 90 67 107 18 24 17 84 116 65 30 21 44 77 73 86 55 40 41 97 16 48 117 12 50 22 8 102 118 3 37 6 39 71 104 81 2 52 63 108 92 20 87 96 11 94 76 114 1 10 109 (8310) Elapsed time: 0.638201 s
71 39 104 73 86 13 74 43 45 19 106 112 68 64 67 78 57 32 51 99 90 12 48 117 16 97 41 40 55 6 37 102 118 101 47 88 54 5 83 35 98 103 34 9 82 72 56 66 36 61 113 105 111 109 100 79 26 4 62 76 63 52 92 108 20 87 96 11 94 38 2 81 1 114 10 50 22 8 49 42 107 18 24 116 65 30 21 84 17 85 93 80 77 44 27 119 28 29 31 91 14 58 75 0 60 15 59 23 110 95 89 53 7 69 115 33 25 3 70 46 71 (8258) Elapsed time: 0.422833 s
92 108 63 76 62 4 26 79 109 111 103 35 83 34 9 98 61 36 66 56 82 38 94 96 11 87 20 1 114 10 50 22 8 102 118 3 33 25 69 115 7 53 89 95 110 23 59 15 60 28 119 31 29 14 58 75 0 104 73 86 13 74 43 49 45 19 106 112 68 64 42 107 24 18 17 84 21 80 93 77 44 27 91 85 65 30 116 78 57 99 32 51 67 90 12 48 117 16 97 41 40 55 6 37 39 71 54 5 88 47 101 100 113 72 105 46 70 2 81 52 92 (8137) Elapsed time: 0.514747 s
37 102 118 2 81 8 22 10 50 114 1 92 108 20 87 63 52 26 79 100 101 47 88 54 5 83 34 9 98 61 36 66 56 72 113 4 62 76 94 96 11 38 82 105 103 35 111 109 46 70 25 69 115 7 53 89 95 110 23 59 15 60 28 75 0 104 73 71 39 33 3 12 48 19 106 17 21 84 116 65 30 80 14 58 29 31 91 27 119 44 77 93 85 13 86 55 40 41 97 16 117 112 68 64 42 67 78 57 99 32 51 90 107 18 24 45 49 43 74 6 37 (8300) Elapsed time: 0.820081 s
68 64 42 107 106 19 45 49 43 74 13 86 73 71 39 104 44 77 93 80 85 21 65 30 116 84 17 18 24 78 57 99 51 32 90 67 112 117 48 16 97 41 40 55 6 37 102 118 3 33 115 69 25 7 53 89 95 110 23 59 15 60 29 31 91 27 119 28 75 0 58 14 70 46 54 88 47 101 100 109 111 35 83 5 9 34 103 98 61 36 66 56 72 113 105 82 62 4 26 79 2 81 114 1 92 108 20 87 63 76 94 96 11 38 52 50 22 8 10 12 68 (8291) Elapsed time: 0.719333 s
113 72 56 82 66 36 61 98 103 35 83 34 9 5 54 88 47 109 100 101 2 81 1 114 10 50 22 8 102 118 3 33 69 115 7 53 89 95 110 23 59 15 60 75 0 44 77 93 80 21 84 17 18 24 107 42 64 68 112 106 19 45 49 43 74 13 86 73 119 27 91 31 29 28 58 14 85 30 65 116 67 78 57 99 32 51 90 12 48 117 16 97 41 40 55 6 37 39 71 104 25 70 46 92 20 108 63 76 94 96 11 87 52 26 79 4 62 38 105 111 113 (8279) Elapsed time: 1.0611 s
102 8 22 10 114 1 81 2 79 26 4 62 76 94 96 11 87 108 92 20 63 52 38 82 56 72 113 100 101 47 109 111 35 103 98 61 36 66 105 34 9 83 5 54 88 70 46 53 7 69 115 33 25 3 37 6 55 40 41 97 16 117 48 112 68 64 42 67 78 57 99 32 51 90 17 84 116 18 24 107 106 19 45 49 43 74 13 86 44 77 93 80 14 58 75 0 28 29 31 91 27 119 60 15 59 23 110 95 89 71 39 104 73 85 21 65 30 12 50 118 102 (8245) Elapsed time: 0.820137 s
5 83 34 9 103 98 61 36 66 56 72 113 100 101 47 109 111 35 88 54 46 70 25 3 33 115 69 7 53 89 95 110 23 59 15 60 119 31 29 28 75 0 104 73 86 13 74 43 45 49 97 41 16 48 117 19 106 112 68 64 42 78 57 99 51 32 90 67 107 24 18 116 84 17 21 65 30 80 85 93 77 44 27 91 14 58 12 50 10 114 1 92 108 20 87 96 11 94 63 52 26 4 62 76 38 82 105 79 2 118 102 22 8 81 37 6 55 40 71 39 5 (8213) Elapsed time: 0.689784 s
119 27 91 31 29 28 75 0 60 15 59 23 110 95 89 53 7 115 69 25 33 3 118 102 8 22 10 114 1 81 2 79 26 4 62 72 56 82 66 36 61 98 103 35 5 54 88 47 109 111 105 113 100 101 70 46 83 34 9 38 94 96 11 87 108 92 52 63 76 20 50 12 48 117 16 97 41 49 45 19 106 17 18 24 107 42 78 57 99 32 51 90 67 64 68 112 43 74 13 86 73 104 71 39 37 6 55 40 80 93 85 21 84 116 30 65 14 58 77 44 119 (8115) Elapsed time: 0.900106 s
69 115 33 25 3 118 102 8 22 10 50 114 1 81 2 101 47 88 5 35 111 109 100 79 26 4 62 76 63 52 92 108 20 87 96 11 94 38 82 56 72 113 105 36 66 61 98 103 83 34 9 54 46 70 53 89 95 110 23 59 15 60 75 28 31 119 27 44 77 93 80 21 84 17 18 24 107 42 67 78 57 90 99 51 32 68 112 19 45 49 97 16 117 48 41 40 55 73 86 13 85 74 43 65 30 116 106 64 12 6 37 71 39 104 91 58 14 29 0 7 69 (8234) Elapsed time: 0.608629 s
64 68 112 106 19 45 49 97 41 16 117 48 12 86 73 27 119 28 29 31 91 44 77 93 80 14 58 75 0 60 15 59 23 110 95 89 53 7 69 115 33 25 3 118 102 8 22 10 50 114 1 20 92 63 52 26 79 100 109 111 105 113 72 56 82 38 62 4 108 87 96 11 94 76 81 2 101 47 46 70 5 88 54 83 35 103 98 61 36 66 9 34 104 39 71 37 6 55 40 43 74 13 85 21 84 17 18 24 107 42 78 57 99 51 32 90 67 116 65 30 64 (8257) Elapsed time: 0.622347 s
97 41 40 55 6 37 102 118 3 7 69 115 33 25 70 46 54 5 88 47 101 100 79 26 4 62 76 94 96 11 87 108 63 92 20 1 114 10 50 22 8 81 2 52 38 82 56 72 113 105 111 35 83 34 9 98 103 61 36 66 109 89 53 95 110 23 59 15 60 28 119 31 91 27 44 77 93 80 21 65 30 116 84 17 18 24 107 42 64 68 112 19 106 45 49 43 74 13 86 73 104 71 39 75 0 14 58 29 85 67 78 57 99 32 51 90 12 48 117 16 97 (8158) Elapsed time: 0.612023 s
66 36 61 98 103 35 111 109 47 88 54 46 70 53 89 95 110 23 59 15 60 28 119 27 91 31 29 14 58 75 0 104 39 71 37 6 55 40 41 97 16 117 48 19 106 68 64 42 78 57 51 99 32 90 67 17 18 24 107 112 45 49 43 74 13 86 73 85 93 77 44 80 21 65 30 116 84 12 50 10 8 22 102 118 3 33 25 69 115 7 5 83 34 9 105 113 72 56 82 38 62 4 76 94 96 11 87 52 26 79 100 101 2 81 1 114 20 108 92 63 66 (8198) Elapsed time: 0.620953 s
102 118 3 33 69 115 7 53 89 95 110 23 59 15 60 28 29 31 27 119 0 75 14 58 91 77 44 13 86 73 104 39 71 37 6 55 40 97 41 16 117 48 19 45 49 43 74 85 93 80 21 84 116 30 65 17 18 24 107 42 67 78 57 99 32 51 90 106 68 112 64 12 50 10 8 22 2 81 1 114 108 20 92 63 94 96 11 87 52 26 4 62 76 38 82 56 72 113 105 61 36 66 98 103 111 35 5 54 88 109 100 101 47 46 70 25 9 34 83 79 102 (8324) Elapsed time: 0.727747 s
79 26 4 62 72 56 82 66 36 61 98 103 35 88 54 5 83 34 9 105 111 109 100 101 47 46 70 25 33 3 118 102 8 10 50 22 37 6 55 40 41 97 16 117 48 49 45 19 106 17 18 24 107 42 78 57 99 51 32 90 67 64 68 112 43 74 13 86 73 104 71 39 115 69 7 53 89 95 110 23 59 15 60 28 75 0 119 27 91 31 29 14 58 80 93 77 44 85 21 84 116 65 30 12 63 92 108 20 114 1 81 2 52 76 94 96 11 87 38 113 79 (8279) Elapsed time: 0.511583 s
19 45 49 43 74 44 77 93 85 13 86 73 104 71 39 33 25 69 115 7 53 89 95 110 23 59 15 60 28 29 31 91 27 119 75 0 58 14 80 21 84 17 18 24 107 42 64 68 112 106 78 57 99 51 32 90 67 12 48 117 16 97 41 40 55 6 37 102 8 22 10 50 114 1 81 2 79 26 4 62 76 94 96 11 87 108 20 92 63 52 38 82 56 72 113 100 101 47 109 111 35 103 98 61 36 66 105 34 9 83 5 88 54 46 70 3 118 30 65 116 19 (8212) Elapsed time: 0.923195 s
105 56 72 113 100 109 111 35 83 5 54 88 47 101 2 81 8 102 118 3 25 33 115 69 7 53 89 95 110 23 59 15 60 119 28 75 0 44 77 93 80 14 58 29 31 91 27 73 71 39 104 70 46 37 6 55 40 41 97 16 117 48 19 45 49 43 74 13 86 85 21 84 17 65 30 116 18 24 107 42 67 78 57 99 51 32 90 112 68 64 106 12 10 50 22 114 1 92 108 20 87 96 11 94 63 76 62 4 26 79 52 38 82 66 36 61 98 103 34 9 105 (8164) Elapsed time: 0.593073 s
75 0 60 15 59 23 110 95 53 89 54 88 109 111 35 83 5 46 70 25 33 115 69 7 104 71 39 6 37 102 118 3 101 47 100 79 26 4 62 76 63 92 20 108 87 96 11 94 38 82 66 36 61 98 103 34 9 105 113 72 56 52 81 2 1 114 10 50 22 8 55 40 41 97 16 117 48 19 45 49 43 74 13 86 73 31 29 28 119 91 27 44 77 93 85 21 84 17 18 24 107 42 64 68 112 106 78 57 99 51 32 90 67 12 65 30 116 80 14 58 75 (8283) Elapsed time: 0.717151 s
84 116 65 30 21 85 13 74 43 49 45 19 112 68 64 42 107 106 17 18 24 57 78 67 90 51 32 99 12 48 117 16 97 41 40 55 6 37 102 118 3 33 25 69 115 7 59 23 110 95 89 53 70 46 54 88 47 109 111 103 98 61 36 66 72 56 82 38 62 4 26 79 2 81 1 114 10 50 22 8 92 108 20 87 96 11 94 76 63 52 100 101 113 105 34 9 83 5 35 39 71 104 73 27 119 28 29 31 91 77 44 93 80 14 58 75 0 60 15 86 84 (8174) Elapsed time: 0.605522 s
32 51 99 57 78 67 42 64 68 112 106 19 16 97 41 49 45 43 74 13 86 55 40 71 39 104 73 27 91 31 29 28 119 44 77 93 80 21 84 18 24 107 17 65 30 116 85 14 58 75 0 60 15 59 23 110 95 53 89 54 5 83 34 9 98 103 111 109 47 101 100 79 26 4 62 76 94 96 11 87 108 92 1 114 10 50 22 8 102 118 3 25 33 115 69 7 70 46 88 35 105 61 36 66 56 72 113 82 38 52 63 20 2 81 37 6 48 117 12 90 32 (8172) Elapsed time: 0.619357 s
sredni czas: 0.702809 s