11 8 12 3 0 7 5 6 16 13 14 2 10 4 9 1 15 11 (2426) Elapsed time: 0.0060096 s
15 11 8 16 5 7 12 3 0 6 13 14 10 4 1 9 2 15 (2481) Elapsed time: 0.007625 s
11 8 3 12 7 5 16 6 0 2 13 14 10 4 1 9 15 11 (2490) Elapsed time: 0.0061324 s
5 16 7 6 12 3 8 11 15 0 13 14 2 9 4 10 1 5 (2457) Elapsed time: 0.0067402 s
0 6 12 3 5 7 16 13 2 14 10 9 4 1 11 8 15 0 (2465) Elapsed time: 0.0016446 s
7 16 12 3 0 6 5 13 14 2 10 4 1 9 8 11 15 7 (2350) Elapsed time: 0.0056707 s
8 11 15 0 12 3 7 6 16 5 13 14 2 10 4 9 1 8 (2219) Elapsed time: 0.00764 s
1 10 2 14 6 16 5 7 13 12 0 3 15 11 8 4 9 1 (2476) Elapsed time: 0.001876 s
7 6 16 5 2 14 13 10 4 1 9 8 11 15 3 12 0 7 (2291) Elapsed time: 0.0120789 s
14 13 2 16 6 7 5 0 12 3 15 11 8 10 4 1 9 14 (2270) Elapsed time: 0.015219 s
2 14 13 5 7 16 6 12 3 8 11 15 0 10 4 1 9 2 (2253) Elapsed time: 0.0053314 s
9 14 13 12 3 0 8 11 15 16 7 6 5 2 10 4 1 9 (2334) Elapsed time: 0.0123849 s
16 7 6 12 3 8 11 15 0 13 14 2 10 4 1 9 5 16 (2215) Elapsed time: 0.0132615 s
7 16 5 12 3 6 13 14 2 4 10 9 1 8 11 15 0 7 (2378) Elapsed time: 0.0083132 s
0 12 16 6 7 5 2 4 10 1 9 14 13 3 11 8 15 0 (2392) Elapsed time: 0.001523 s
0 3 12 6 13 14 2 10 9 1 4 16 5 7 8 11 15 0 (2318) Elapsed time: 0.0012634 s
4 10 2 14 13 16 5 12 0 6 7 3 15 8 11 1 9 4 (2436) Elapsed time: 0.0045125 s
14 2 10 4 1 9 7 5 16 6 3 12 8 11 15 0 13 14 (2299) Elapsed time: 0.0107971 s
10 4 9 1 8 11 15 0 6 7 5 16 12 3 13 14 2 10 (2261) Elapsed time: 0.0118108 s
0 6 7 5 16 12 3 15 11 8 1 9 4 10 2 14 13 0 (2281) Elapsed time: 0.0092601 s
13 5 7 6 16 12 3 0 15 11 8 4 10 2 14 9 1 13 (2425) Elapsed time: 0.0132841 s
15 3 12 0 16 6 7 5 13 14 2 10 4 1 9 8 11 15 (2196) Elapsed time: 0.0097053 s
9 4 10 2 14 13 5 16 7 6 3 12 0 15 8 11 1 9 (2326) Elapsed time: 0.0024731 s
6 7 16 5 14 13 2 10 4 9 1 8 11 15 0 3 12 6 (2228) Elapsed time: 0.0107388 s
12 5 7 16 6 0 3 13 14 2 10 4 9 1 8 15 11 12 (2469) Elapsed time: 0.0076363 s
14 2 7 5 16 6 12 3 0 15 11 8 4 10 1 9 13 14 (2331) Elapsed time: 0.0098296 s
9 10 2 14 13 3 0 12 6 16 5 7 15 11 8 4 1 9 (2317) Elapsed time: 0.0068209 s
14 2 5 16 6 7 12 3 0 15 11 8 9 1 4 10 13 14 (2255) Elapsed time: 0.0162283 s
9 4 10 2 14 13 5 16 6 7 12 3 8 11 15 0 1 9 (2365) Elapsed time: 0.0034758 s
10 14 2 13 5 3 6 16 7 12 0 11 15 8 4 1 9 10 (2463) Elapsed time: 0.0071866 s
13 14 2 10 9 4 1 8 11 15 3 12 0 6 16 7 5 13 (2222) Elapsed time: 0.0144832 s
7 16 5 6 0 3 12 14 13 2 10 4 1 9 8 11 15 7 (2448) Elapsed time: 0.0071037 s
3 0 6 7 12 16 5 13 14 2 10 4 1 9 8 11 15 3 (2244) Elapsed time: 0.0047372 s
4 1 9 10 14 2 13 5 7 6 16 12 3 0 15 8 11 4 (2271) Elapsed time: 0.009493 s
4 10 2 7 6 12 0 15 11 8 3 5 16 13 14 9 1 4 (2208) Elapsed time: 0.0091401 s
11 8 15 0 6 16 12 3 5 7 13 14 2 10 4 9 1 11 (2400) Elapsed time: 0.0104392 s
0 3 12 16 5 7 6 13 14 2 10 9 4 1 8 11 15 0 (2271) Elapsed time: 0.0015236 s
4 8 11 15 0 13 16 7 5 6 12 3 2 14 10 9 1 4 (2441) Elapsed time: 0.0028522 s
3 12 16 6 7 5 13 14 2 10 4 9 1 0 8 11 15 3 (2426) Elapsed time: 0.0039617 s
3 12 0 13 14 2 10 4 1 9 16 7 6 5 8 11 15 3 (2376) Elapsed time: 0.010522 s
16 6 7 5 2 14 13 1 9 10 4 15 11 8 12 3 0 16 (2492) Elapsed time: 0.0097875 s
12 3 0 5 7 6 16 13 14 2 9 1 4 10 8 11 15 12 (2298) Elapsed time: 0.0154388 s
12 3 16 6 7 0 5 13 14 2 10 4 9 1 8 11 15 12 (2420) Elapsed time: 0.0052511 s
14 13 2 16 5 7 6 12 3 0 8 11 15 4 1 9 10 14 (2385) Elapsed time: 0.0029425 s
4 10 2 14 13 8 11 15 0 12 3 16 6 7 5 9 1 4 (2254) Elapsed time: 0.0095157 s
1 5 16 7 6 0 12 3 8 11 15 13 14 2 10 4 9 1 (2384) Elapsed time: 0.0022831 s
16 5 7 6 0 15 11 8 3 12 14 2 13 4 10 9 1 16 (2472) Elapsed time: 0.002718 s
13 14 9 10 4 1 11 8 15 0 12 3 6 16 5 7 2 13 (2420) Elapsed time: 0.0080234 s
16 5 2 14 13 7 6 3 12 0 15 11 8 10 4 9 1 16 (2482) Elapsed time: 0.0059775 s
3 12 6 16 5 7 13 14 2 10 4 9 1 8 11 15 0 3 (2190) Elapsed time: 0.0142009 s
13 14 2 10 4 9 1 8 11 15 0 12 3 6 7 16 5 13 (2198) Elapsed time: 0.0097084 s
6 5 7 8 11 15 0 12 3 16 13 14 2 10 9 1 4 6 (2362) Elapsed time: 0.0034831 s
10 4 1 9 5 7 16 6 12 3 0 15 11 8 14 2 13 10 (2393) Elapsed time: 0.0087609 s
10 9 1 4 14 2 13 5 16 7 6 12 3 0 8 11 15 10 (2419) Elapsed time: 0.0026394 s
16 7 5 14 13 2 10 4 1 9 12 3 6 0 15 11 8 16 (2368) Elapsed time: 0.007581 s
5 7 6 16 2 14 13 4 10 1 9 8 11 15 3 12 0 5 (2450) Elapsed time: 0.0085601 s
5 13 14 2 10 9 1 4 7 6 3 12 0 15 11 8 16 5 (2276) Elapsed time: 0.0026644 s
3 12 7 5 0 6 16 2 14 13 9 10 4 1 8 11 15 3 (2462) Elapsed time: 0.0033143 s
12 3 6 7 5 14 13 2 10 4 1 9 8 11 15 0 16 12 (2277) Elapsed time: 0.0063917 s
13 2 14 10 4 1 9 5 7 16 6 0 3 12 15 11 8 13 (2368) Elapsed time: 0.0074468 s
6 0 12 3 5 16 7 13 14 2 10 4 9 1 8 11 15 6 (2381) Elapsed time: 0.0027328 s
0 12 3 6 16 5 7 2 13 14 10 4 9 1 8 11 15 0 (2296) Elapsed time: 0.0095745 s
11 15 8 0 3 12 6 7 16 5 2 14 13 10 4 9 1 11 (2473) Elapsed time: 0.0129777 s
6 16 5 7 12 3 0 15 11 8 9 10 4 1 2 14 13 6 (2369) Elapsed time: 0.0099043 s
1 4 10 2 14 13 16 6 7 12 5 0 3 15 11 8 9 1 (2327) Elapsed time: 0.0054607 s
9 4 8 11 15 0 3 12 16 5 7 6 13 2 14 10 1 9 (2291) Elapsed time: 0.010283 s
1 10 4 16 7 6 12 3 8 11 15 0 5 2 13 14 9 1 (2374) Elapsed time: 0.0031031 s
4 10 14 13 2 5 16 6 0 12 3 7 15 11 8 1 9 4 (2431) Elapsed time: 0.0032903 s
15 0 5 16 6 3 12 7 13 14 2 10 4 1 9 8 11 15 (2284) Elapsed time: 0.0064422 s
1 4 9 10 8 11 15 0 6 16 5 7 3 12 13 14 2 1 (2382) Elapsed time: 0.002613 s
16 7 6 3 0 15 8 11 12 5 14 10 1 9 4 2 13 16 (2482) Elapsed time: 0.0084055 s
8 15 3 12 0 6 7 5 16 13 14 2 4 10 9 1 11 8 (2326) Elapsed time: 0.0095625 s
11 15 3 12 16 6 7 5 0 13 14 2 10 4 9 1 8 11 (2345) Elapsed time: 0.0056821 s
10 4 2 14 13 6 7 16 5 12 3 0 15 11 8 9 1 10 (2355) Elapsed time: 0.0037395 s
10 4 2 14 13 7 16 5 6 12 3 0 15 11 8 9 1 10 (2311) Elapsed time: 0.0068929 s
9 2 13 5 6 16 12 3 15 11 8 0 7 14 10 4 1 9 (2379) Elapsed time: 0.0054545 s
0 12 3 16 6 7 5 14 13 2 10 4 9 1 15 11 8 0 (2439) Elapsed time: 0.001286 s
8 11 15 0 12 3 6 7 5 16 2 14 13 10 4 9 1 8 (2307) Elapsed time: 0.0030315 s
6 7 5 16 12 3 8 11 15 0 2 14 10 4 1 9 13 6 (2366) Elapsed time: 0.0079752 s
5 16 6 12 0 3 7 2 13 14 10 4 1 9 8 11 15 5 (2490) Elapsed time: 0.0034474 s
9 1 14 2 13 6 5 16 7 12 3 8 11 15 0 10 4 9 (2498) Elapsed time: 0.0026019 s
9 1 4 10 2 13 14 5 16 7 6 12 3 0 15 8 11 9 (2327) Elapsed time: 0.0055534 s
1 7 3 12 8 11 15 0 6 16 5 14 13 2 10 4 9 1 (2403) Elapsed time: 0.002647 s
0 3 12 16 7 6 14 13 2 10 4 1 9 5 8 11 15 0 (2385) Elapsed time: 0.0017428 s
12 3 16 6 7 5 14 13 2 10 4 1 9 11 8 15 0 12 (2335) Elapsed time: 0.0125254 s
6 16 7 5 12 3 0 15 11 8 9 1 4 10 13 14 2 6 (2360) Elapsed time: 0.0107244 s
8 11 15 7 16 6 0 12 3 5 2 14 13 10 4 9 1 8 (2470) Elapsed time: 0.002455 s
4 10 2 13 14 5 7 6 3 12 16 0 15 11 8 9 1 4 (2277) Elapsed time: 0.0064727 s
5 6 7 16 12 3 8 11 15 0 2 14 10 4 9 1 13 5 (2450) Elapsed time: 0.0039251 s
1 2 13 16 7 6 5 12 3 0 15 11 8 4 10 14 9 1 (2455) Elapsed time: 0.0034936 s
1 10 4 2 14 13 7 16 5 6 3 12 0 15 11 8 9 1 (2320) Elapsed time: 0.0024 s
4 10 14 2 13 16 6 7 5 12 3 0 15 11 8 1 9 4 (2255) Elapsed time: 0.0123708 s
8 11 15 0 12 16 7 5 6 3 13 14 2 10 4 9 1 8 (2336) Elapsed time: 0.0102973 s
1 9 2 14 13 5 7 16 6 12 3 0 15 11 8 10 4 1 (2168) Elapsed time: 0.0077115 s
11 8 16 6 12 0 3 7 5 13 14 2 4 10 9 1 15 11 (2497) Elapsed time: 0.0049941 s
7 3 12 0 6 16 2 9 1 4 10 14 13 5 15 11 8 7 (2459) Elapsed time: 0.0070169 s
5 7 6 16 12 3 0 15 11 8 1 4 10 9 14 2 13 5 (2232) Elapsed time: 0.0099362 s
8 11 15 5 7 6 16 13 14 2 10 9 1 4 3 12 0 8 (2433) Elapsed time: 0.0038926 s
11 15 3 12 0 6 16 7 5 10 4 1 9 14 2 13 8 11 (2243) Elapsed time: 0.0074145 s
15 8 0 16 6 7 5 13 14 2 10 4 1 9 12 3 11 15 (2439) Elapsed time: 0.0064158 s
sredni czas: 0.00693867 s