18 16 9 17 12 13 14 20 19 10 3 11 0 5 7 6 15 4 8 2 1 18 (3127) Elapsed time: 0.0087833 s
8 4 15 5 7 6 11 3 10 19 20 14 1 12 13 17 9 16 18 0 2 8 (3188) Elapsed time: 0.0124928 s
3 10 19 9 16 18 0 11 6 7 5 15 4 8 2 14 1 13 12 17 20 3 (3132) Elapsed time: 0.0073455 s
6 7 5 11 3 10 16 18 19 20 1 14 17 9 12 13 2 8 4 15 0 6 (3241) Elapsed time: 0.0126877 s
7 5 15 4 8 2 20 14 1 13 12 9 17 16 18 19 10 3 11 6 0 7 (3079) Elapsed time: 0.0139645 s
10 3 11 6 7 5 15 4 8 2 1 14 20 13 12 19 9 17 16 18 0 10 (3133) Elapsed time: 0.0108927 s
13 12 17 9 16 20 14 1 2 8 4 15 5 7 6 11 3 0 18 10 19 13 (3134) Elapsed time: 0.0117334 s
5 7 6 11 3 10 19 9 17 12 13 16 18 20 14 1 2 8 4 15 0 5 (3228) Elapsed time: 0.0094787 s
20 1 14 17 9 16 18 19 10 3 11 0 6 7 5 15 4 8 2 13 12 20 (3098) Elapsed time: 0.010974 s
16 18 6 3 11 7 5 10 19 9 17 12 13 14 20 1 2 8 4 15 0 16 (3242) Elapsed time: 0.0055782 s
3 11 6 7 5 0 16 18 19 9 17 13 12 20 14 1 2 8 4 15 10 3 (3223) Elapsed time: 0.0085197 s
20 14 1 13 12 17 9 19 18 16 10 3 11 6 7 5 0 15 4 8 2 20 (3093) Elapsed time: 0.0115528 s
2 8 4 15 10 3 11 6 7 5 0 18 16 9 17 12 13 1 14 20 19 2 (3223) Elapsed time: 0.0048854 s
5 11 3 10 6 7 0 18 16 9 17 12 13 14 1 20 19 2 8 4 15 5 (3150) Elapsed time: 0.0184816 s
3 11 0 10 18 16 9 17 19 20 14 1 13 12 2 8 4 15 5 7 6 3 (3183) Elapsed time: 0.0150336 s
0 6 7 5 15 4 8 2 20 14 1 13 12 17 9 16 18 10 3 11 19 0 (3065) Elapsed time: 0.0132368 s
9 17 12 13 14 1 20 19 10 3 11 6 7 5 15 4 8 2 0 18 16 9 (2998) Elapsed time: 0.0145077 s
16 18 10 3 11 0 6 7 5 15 4 8 2 1 14 20 19 9 17 12 13 16 (2933) Elapsed time: 0.013437 s
18 16 9 17 12 13 20 14 1 2 8 4 15 5 7 6 0 11 3 10 19 18 (2758) Elapsed time: 0.0113638 s
13 12 17 9 16 18 10 0 3 11 6 7 5 15 4 8 2 14 1 20 19 13 (3091) Elapsed time: 0.0089992 s
16 18 10 3 11 6 7 5 15 4 8 2 1 14 13 12 9 17 20 19 0 16 (3013) Elapsed time: 0.0082434 s
18 16 9 17 12 13 1 14 20 19 10 3 11 0 6 7 5 15 4 8 2 18 (3103) Elapsed time: 0.0126416 s
4 5 7 6 11 0 3 10 19 18 16 9 17 12 13 14 1 20 2 8 15 4 (3050) Elapsed time: 0.0065549 s
11 3 10 16 18 0 6 7 5 15 4 8 2 12 13 14 1 20 17 9 19 11 (3210) Elapsed time: 0.0106587 s
8 4 15 5 7 6 3 11 10 0 16 18 19 9 17 12 13 14 1 20 2 8 (3060) Elapsed time: 0.0136779 s
4 15 7 5 6 11 3 0 18 16 9 17 12 13 1 14 20 19 10 2 8 4 (3168) Elapsed time: 0.0073174 s
19 10 3 11 0 6 7 5 15 4 8 2 1 14 20 9 17 12 13 16 18 19 (2948) Elapsed time: 0.0128355 s
20 14 1 2 8 4 15 5 7 6 11 0 3 16 18 10 19 9 17 13 12 20 (3002) Elapsed time: 0.0082116 s
0 11 3 19 10 18 16 9 17 12 13 14 1 20 2 8 4 15 5 7 6 0 (2870) Elapsed time: 0.0066533 s
18 16 9 17 12 13 14 1 20 10 19 11 3 6 7 5 15 4 8 2 0 18 (3225) Elapsed time: 0.0047687 s
18 0 5 11 3 10 19 9 17 12 13 14 1 20 2 8 4 15 7 6 16 18 (3230) Elapsed time: 0.008661 s
20 1 14 13 12 17 9 16 18 19 10 3 11 6 7 5 0 15 4 8 2 20 (2988) Elapsed time: 0.0077636 s
5 7 6 11 3 10 0 18 16 9 17 13 12 19 20 14 1 2 8 4 15 5 (2993) Elapsed time: 0.0173043 s
18 16 9 17 12 13 14 20 19 10 3 11 6 0 5 7 15 4 8 2 1 18 (3153) Elapsed time: 0.0125557 s
19 10 0 11 6 7 5 15 4 8 2 1 14 20 13 12 17 9 16 18 3 19 (2906) Elapsed time: 0.0130496 s
17 9 16 18 10 3 11 0 6 7 5 15 4 8 2 14 20 1 13 12 19 17 (3152) Elapsed time: 0.015126 s
10 19 16 18 3 11 0 5 7 6 15 4 8 2 1 20 14 13 12 17 9 10 (3064) Elapsed time: 0.0117359 s
16 18 10 0 11 3 7 6 5 15 4 8 2 9 17 12 13 14 1 20 19 16 (3242) Elapsed time: 0.0107368 s
10 3 11 6 7 5 15 4 8 2 1 14 20 9 17 12 13 16 18 19 0 10 (3113) Elapsed time: 0.0174233 s
2 8 4 15 5 7 6 11 0 18 16 9 17 12 13 1 14 20 19 10 3 2 (3039) Elapsed time: 0.0057094 s
11 0 3 6 7 5 15 4 8 2 1 14 20 13 12 17 9 19 10 18 16 11 (2962) Elapsed time: 0.0133488 s
16 18 10 3 11 0 6 7 5 15 4 8 2 1 14 19 20 17 9 12 13 16 (3168) Elapsed time: 0.0129731 s
1 20 14 13 12 17 9 16 18 10 19 6 11 3 0 5 7 15 4 8 2 1 (2946) Elapsed time: 0.0111315 s
13 1 14 20 19 9 17 16 18 10 3 11 0 7 6 5 15 4 8 2 12 13 (3208) Elapsed time: 0.0073999 s
10 3 11 6 7 5 15 4 8 2 20 14 1 13 12 9 17 19 18 16 0 10 (3173) Elapsed time: 0.0119341 s
16 18 19 10 11 3 0 6 7 5 15 4 8 2 1 20 14 9 17 12 13 16 (3117) Elapsed time: 0.0179658 s
3 11 6 7 5 15 4 8 2 1 20 14 12 13 17 9 19 10 18 16 0 3 (2990) Elapsed time: 0.006938 s
2 8 4 7 6 11 3 0 18 16 9 17 12 13 14 1 20 19 10 5 15 2 (3135) Elapsed time: 0.0106532 s
3 11 6 7 5 15 4 8 2 1 14 20 19 10 18 16 9 17 13 12 0 3 (3141) Elapsed time: 0.0102939 s
11 3 0 10 18 19 16 9 17 20 14 1 13 12 2 8 4 15 5 7 6 11 (3244) Elapsed time: 0.0124889 s
16 0 10 3 11 6 7 5 15 4 8 2 20 14 1 13 12 17 9 19 18 16 (3033) Elapsed time: 0.0154912 s
7 6 11 3 10 19 20 14 1 13 12 17 9 18 16 0 15 4 8 2 5 7 (3198) Elapsed time: 0.0091779 s
8 4 15 5 7 6 11 3 0 16 18 10 19 20 1 14 13 12 9 17 2 8 (3146) Elapsed time: 0.0093012 s
10 18 16 9 17 12 13 14 1 2 8 4 15 5 7 6 11 3 0 19 20 10 (2941) Elapsed time: 0.0118646 s
5 7 6 11 0 3 10 19 20 9 16 18 17 12 13 14 1 2 8 4 15 5 (2963) Elapsed time: 0.0078797 s
1 14 20 17 9 16 18 10 19 11 3 0 6 7 5 15 4 8 2 13 12 1 (3153) Elapsed time: 0.0074119 s
16 18 19 10 3 11 0 5 7 6 15 4 8 2 12 13 1 14 20 17 9 16 (3168) Elapsed time: 0.0138928 s
17 9 16 18 10 0 11 3 6 7 5 15 4 8 2 14 1 20 19 13 12 17 (3098) Elapsed time: 0.00767 s
13 12 17 9 16 18 0 11 3 6 7 5 15 4 8 2 14 1 20 19 10 13 (3178) Elapsed time: 0.0047154 s
11 3 10 19 18 16 9 17 20 14 1 13 12 2 8 4 15 5 7 6 0 11 (3048) Elapsed time: 0.0145145 s
9 17 20 19 10 3 11 0 6 7 5 15 4 8 2 1 14 13 12 18 16 9 (3008) Elapsed time: 0.0115358 s
20 14 1 13 12 17 9 16 18 0 11 3 10 19 6 7 5 15 4 8 2 20 (2963) Elapsed time: 0.0083217 s
16 18 10 19 20 13 12 9 17 14 1 2 8 4 15 5 7 6 11 3 0 16 (3036) Elapsed time: 0.0109361 s
10 3 11 7 5 15 4 8 2 1 20 14 13 12 17 9 16 18 0 6 19 10 (2897) Elapsed time: 0.0218032 s
18 16 9 17 13 12 1 14 20 19 10 3 6 7 5 15 4 8 2 11 0 18 (3199) Elapsed time: 0.0110375 s
20 19 9 17 12 13 14 1 10 18 16 0 3 11 6 7 5 15 4 8 2 20 (3236) Elapsed time: 0.0107903 s
12 18 16 9 17 14 20 19 10 3 11 0 6 7 5 15 4 8 2 1 13 12 (3122) Elapsed time: 0.0087823 s
6 7 5 15 4 8 2 1 14 20 9 17 13 12 18 16 19 11 3 10 0 6 (3240) Elapsed time: 0.006601 s
11 3 10 19 16 18 9 17 12 13 14 20 1 2 8 4 15 5 7 6 0 11 (2842) Elapsed time: 0.0113846 s
8 4 15 5 7 6 11 0 3 10 18 16 19 9 17 12 13 14 1 20 2 8 (2900) Elapsed time: 0.0092061 s
12 13 17 9 16 18 0 11 3 10 6 7 5 15 4 8 2 1 14 20 19 12 (3018) Elapsed time: 0.0128985 s
8 4 15 5 7 6 11 3 0 18 16 20 14 1 13 12 17 9 19 10 2 8 (3191) Elapsed time: 0.0082669 s
20 19 10 0 3 11 6 7 5 15 4 8 2 1 14 13 12 17 9 16 18 20 (2896) Elapsed time: 0.0095364 s
3 11 0 6 7 5 15 4 8 2 12 13 14 1 20 17 9 16 18 19 10 3 (3018) Elapsed time: 0.0070568 s
15 6 7 5 3 11 0 10 19 18 16 9 17 12 13 20 14 1 2 8 4 15 (2935) Elapsed time: 0.0099916 s
6 7 5 11 3 10 18 16 9 17 12 13 1 14 20 19 0 15 4 8 2 6 (3241) Elapsed time: 0.0088332 s
18 16 10 19 3 11 6 7 5 0 15 4 8 2 1 14 13 12 9 17 20 18 (3195) Elapsed time: 0.012451 s
1 14 20 10 3 11 0 6 7 5 15 4 8 2 13 12 17 9 16 18 19 1 (3138) Elapsed time: 0.007862 s
18 10 19 16 9 17 12 13 14 20 1 2 8 4 15 7 6 5 11 3 0 18 (3006) Elapsed time: 0.0114967 s
1 14 20 9 17 12 13 19 18 16 10 3 11 0 6 7 5 15 4 8 2 1 (3013) Elapsed time: 0.0091596 s
15 5 7 6 11 3 0 18 16 10 19 9 17 20 14 1 13 12 2 8 4 15 (3136) Elapsed time: 0.0140012 s
20 14 1 13 12 17 9 16 18 19 10 3 11 6 7 5 15 4 8 2 0 20 (3243) Elapsed time: 0.0105744 s
14 1 20 13 12 17 9 18 16 19 10 11 3 0 6 7 5 15 4 8 2 14 (3058) Elapsed time: 0.010006 s
8 4 15 5 7 6 3 11 0 18 10 19 9 16 17 20 14 13 12 1 2 8 (3168) Elapsed time: 0.0062736 s
7 6 11 3 10 19 18 16 9 17 20 14 1 13 12 2 8 4 15 5 0 7 (3167) Elapsed time: 0.0095638 s
16 18 19 10 3 11 0 6 7 5 15 4 8 2 1 14 20 9 17 12 13 16 (2948) Elapsed time: 0.0122904 s
10 3 11 6 7 5 15 4 8 2 1 14 20 19 18 16 9 17 12 13 0 10 (3208) Elapsed time: 0.010262 s
13 14 1 20 9 16 18 19 3 11 10 0 6 7 5 15 4 8 2 17 12 13 (3215) Elapsed time: 0.0098907 s
18 9 17 12 13 14 1 20 19 10 0 3 11 6 7 5 15 4 8 2 16 18 (3216) Elapsed time: 0.0098963 s
9 17 12 13 14 20 1 2 8 4 15 5 7 6 11 3 10 19 0 16 18 9 (3002) Elapsed time: 0.0080516 s
20 19 10 3 11 6 7 5 15 4 8 2 1 14 13 12 17 9 16 18 0 20 (2958) Elapsed time: 0.00847 s
5 7 6 11 3 10 19 20 1 14 13 12 17 9 16 18 0 15 4 8 2 5 (2998) Elapsed time: 0.0125135 s
20 14 1 13 12 17 9 19 10 3 11 6 7 5 15 4 8 2 0 18 16 20 (3158) Elapsed time: 0.0114537 s
0 11 6 7 5 15 4 8 2 1 14 13 12 17 9 16 18 10 3 19 20 0 (2994) Elapsed time: 0.0071349 s
15 4 8 2 1 14 20 13 12 17 9 16 18 10 19 3 11 7 5 6 0 15 (3011) Elapsed time: 0.0113166 s
7 6 11 3 10 0 18 16 19 9 17 12 13 14 20 1 2 8 4 15 5 7 (2852) Elapsed time: 0.0132716 s
12 13 1 14 20 19 10 3 11 6 7 5 15 4 8 2 0 18 16 9 17 12 (3028) Elapsed time: 0.0061962 s
6 7 5 11 3 10 19 20 14 1 13 12 17 9 16 18 0 15 4 8 2 6 (3146) Elapsed time: 0.0108943 s
2 8 4 15 5 7 6 11 3 0 10 18 16 9 17 13 12 19 20 14 1 2 (2976) Elapsed time: 0.006128 s
4 15 5 7 6 3 11 0 18 16 10 19 9 17 13 12 1 14 20 2 8 4 (3108) Elapsed time: 0.0094945 s
sredni czas: 0.0105826 s