10 15 5 6 7 23 4 20 9 16 21 17 18 1 14 19 13 8 12 22 3 11 0 2 10 (1447) Elapsed time: 0.010794 s
1 19 14 18 21 17 2 10 15 0 5 23 4 20 7 6 11 3 22 12 8 13 9 16 1 (1393) Elapsed time: 0.0150229 s
6 5 23 7 20 4 9 16 21 17 18 14 1 19 13 12 8 22 3 11 15 0 10 2 6 (1385) Elapsed time: 0.0154064 s
21 18 14 1 19 12 8 22 13 4 9 16 20 7 5 6 23 15 0 11 3 10 2 17 21 (1462) Elapsed time: 0.018004 s
6 7 20 4 23 5 15 0 11 3 22 12 8 19 1 14 18 21 17 16 9 13 2 10 6 (1439) Elapsed time: 0.0226478 s
19 1 14 16 9 4 20 7 6 5 15 0 3 11 23 10 2 17 21 18 13 22 8 12 19 (1484) Elapsed time: 0.0129598 s
6 23 5 7 20 4 9 13 12 8 22 19 1 14 18 21 16 17 2 10 15 0 3 11 6 (1418) Elapsed time: 0.0190439 s
13 19 1 14 18 21 17 2 10 6 7 20 4 23 11 15 5 0 3 22 8 12 16 9 13 (1481) Elapsed time: 0.0224091 s
15 0 11 3 22 12 8 13 9 16 21 17 18 1 14 19 7 6 5 23 4 20 2 10 15 (1420) Elapsed time: 0.0263946 s
3 11 0 15 5 6 7 20 4 23 13 9 16 21 17 2 10 18 14 1 19 12 8 22 3 (1448) Elapsed time: 0.0246972 s
10 2 20 7 6 5 23 4 9 16 21 17 18 14 1 19 13 22 12 8 3 11 0 15 10 (1331) Elapsed time: 0.0144607 s
5 15 6 23 4 20 7 2 10 17 21 18 14 1 19 16 9 13 8 12 22 3 11 0 5 (1422) Elapsed time: 0.0144107 s
20 7 6 5 23 4 9 16 21 17 2 10 15 0 11 3 8 12 22 13 19 1 18 14 20 (1434) Elapsed time: 0.02425 s
8 12 22 13 19 1 14 18 21 17 2 10 6 7 20 4 9 16 23 5 15 0 11 3 8 (1375) Elapsed time: 0.0150834 s
10 2 15 5 7 6 23 4 20 9 16 21 17 18 14 1 19 13 12 8 22 3 11 0 10 (1436) Elapsed time: 0.0114237 s
16 9 20 7 6 5 15 0 11 3 22 8 12 13 4 23 2 10 17 21 18 1 19 14 16 (1455) Elapsed time: 0.0122645 s
20 4 23 5 15 7 6 10 2 16 17 21 18 14 1 19 9 13 12 8 22 3 11 0 20 (1478) Elapsed time: 0.0127245 s
18 14 1 19 13 8 12 22 0 3 11 15 5 23 4 9 16 20 7 6 10 2 21 17 18 (1453) Elapsed time: 0.0177458 s
23 4 7 6 5 15 10 2 17 16 21 18 1 14 19 13 12 8 22 3 11 0 9 20 23 (1486) Elapsed time: 0.0073036 s
9 16 21 17 18 1 14 19 13 4 23 5 7 20 10 2 6 15 0 11 3 22 12 8 9 (1481) Elapsed time: 0.0138762 s
21 17 2 10 6 7 5 23 4 20 9 16 18 1 14 19 13 12 8 22 3 11 15 0 21 (1513) Elapsed time: 0.0138701 s
10 2 6 7 20 4 23 5 15 0 11 3 22 8 12 14 1 19 13 9 16 21 17 18 10 (1478) Elapsed time: 0.0110525 s
20 7 6 5 23 4 9 16 21 17 18 14 1 19 13 12 8 22 3 11 0 15 10 2 20 (1278) Elapsed time: 0.0099768 s
10 2 6 5 15 0 11 3 23 4 20 7 16 21 17 18 14 1 19 13 12 8 22 9 10 (1483) Elapsed time: 0.0151577 s
9 16 21 17 18 14 1 19 13 8 12 22 11 3 5 15 0 4 23 20 7 6 10 2 9 (1503) Elapsed time: 0.0085273 s
2 7 6 5 23 4 20 16 18 21 17 1 19 14 9 13 12 8 22 3 11 0 15 10 2 (1443) Elapsed time: 0.0105749 s
7 5 23 20 4 9 16 21 17 18 14 1 19 13 12 8 22 3 11 15 6 10 2 0 7 (1493) Elapsed time: 0.012039 s
22 8 12 13 19 1 14 18 21 17 9 16 2 10 15 5 23 7 6 20 4 11 3 0 22 (1470) Elapsed time: 0.0148029 s
17 21 16 9 18 14 1 19 22 12 8 13 4 20 7 6 5 15 0 3 11 23 2 10 17 (1498) Elapsed time: 0.0081379 s
10 2 20 4 23 5 15 0 11 3 22 12 8 13 19 1 14 18 16 21 17 9 7 6 10 (1412) Elapsed time: 0.0152687 s
16 21 17 20 4 23 5 15 6 7 10 2 0 11 3 22 12 8 13 19 1 14 18 9 16 (1496) Elapsed time: 0.016534 s
7 6 5 23 4 20 17 21 18 14 1 19 13 22 8 12 3 11 0 15 10 2 9 16 7 (1508) Elapsed time: 0.006337 s
12 8 22 13 9 4 23 5 6 7 20 16 18 1 19 14 21 17 2 10 15 0 11 3 12 (1455) Elapsed time: 0.0147792 s
10 2 23 5 15 6 7 20 4 9 16 21 17 18 14 1 19 13 12 8 22 11 3 0 10 (1446) Elapsed time: 0.0107908 s
22 8 12 13 14 1 18 21 17 20 7 6 2 10 15 11 3 0 5 23 4 9 16 19 22 (1523) Elapsed time: 0.011403 s
23 5 7 20 6 4 9 16 19 1 14 18 21 17 2 10 15 0 11 3 22 12 8 13 23 (1428) Elapsed time: 0.0122858 s
6 5 7 20 4 23 15 0 11 3 22 8 12 13 9 16 21 17 18 1 14 19 10 2 6 (1451) Elapsed time: 0.0136151 s
19 1 18 21 16 9 13 12 8 22 3 11 15 0 5 23 20 4 7 6 2 10 17 14 19 (1454) Elapsed time: 0.0192518 s
5 7 6 23 4 9 16 21 17 18 1 14 19 13 22 12 8 3 11 0 15 10 2 20 5 (1418) Elapsed time: 0.0070955 s
5 6 7 20 4 9 16 21 17 2 10 15 0 11 3 12 8 22 13 19 1 14 18 23 5 (1443) Elapsed time: 0.0163286 s
18 21 17 16 9 4 7 6 5 23 20 2 10 0 15 11 3 22 8 12 13 19 1 14 18 (1407) Elapsed time: 0.0177144 s
23 4 9 16 21 17 18 14 1 19 13 12 8 22 3 11 5 6 7 20 2 10 15 0 23 (1347) Elapsed time: 0.0130743 s
4 20 7 6 5 23 15 0 11 3 22 8 12 13 9 16 21 17 18 19 1 14 2 10 4 (1505) Elapsed time: 0.0120807 s
13 1 19 14 18 16 9 4 20 7 5 6 23 3 11 0 15 10 2 21 17 22 8 12 13 (1523) Elapsed time: 0.0081075 s
7 6 20 4 23 5 15 0 11 3 22 8 12 13 19 1 18 14 17 21 16 9 10 2 7 (1418) Elapsed time: 0.0114848 s
8 22 13 19 1 14 18 21 17 2 10 15 5 6 7 20 4 23 11 3 0 16 9 12 8 (1498) Elapsed time: 0.0125179 s
7 6 5 15 0 11 3 22 12 8 13 19 1 18 14 21 17 10 2 20 4 9 16 23 7 (1466) Elapsed time: 0.0140359 s
20 4 23 6 7 5 15 0 11 3 13 22 8 12 19 14 1 18 16 9 21 17 2 10 20 (1469) Elapsed time: 0.0192049 s
21 16 9 4 7 20 23 5 6 2 10 15 0 11 3 22 8 12 13 19 1 14 18 17 21 (1285) Elapsed time: 0.0117379 s
9 4 20 6 7 5 23 15 0 11 3 10 2 16 21 17 18 1 14 19 13 12 8 22 9 (1477) Elapsed time: 0.0094566 s
15 5 23 7 6 2 17 21 9 16 18 14 1 19 13 12 8 22 4 20 10 11 3 0 15 (1486) Elapsed time: 0.0082543 s
9 20 7 5 6 4 23 15 0 11 3 22 8 12 13 19 1 14 18 16 21 17 2 10 9 (1411) Elapsed time: 0.0140162 s
7 2 10 15 0 11 3 6 5 23 4 20 9 16 21 17 18 14 19 1 13 12 8 22 7 (1454) Elapsed time: 0.0137346 s
4 23 7 6 15 5 0 11 3 22 8 12 13 9 16 18 1 14 19 21 17 2 10 20 4 (1448) Elapsed time: 0.013259 s
16 9 4 23 7 6 5 15 0 11 3 22 8 12 13 1 14 19 18 21 17 2 10 20 16 (1380) Elapsed time: 0.0183492 s
23 5 6 7 4 20 9 16 21 17 18 14 19 1 13 8 12 22 3 11 0 15 10 2 23 (1396) Elapsed time: 0.0151133 s
4 20 7 6 5 15 0 11 3 22 8 12 13 9 16 21 18 14 1 19 23 10 2 17 4 (1504) Elapsed time: 0.0143329 s
5 6 7 20 16 21 17 18 14 1 19 13 12 8 22 9 4 23 11 3 0 15 10 2 5 (1385) Elapsed time: 0.0112145 s
16 21 18 1 14 19 9 4 20 7 6 23 5 15 0 11 3 22 8 12 13 2 10 17 16 (1489) Elapsed time: 0.016175 s
4 23 5 6 7 20 9 16 21 17 18 1 14 19 13 12 8 22 3 11 15 0 2 10 4 (1451) Elapsed time: 0.0080899 s
4 7 6 11 3 0 15 5 23 20 9 16 21 17 18 14 1 19 12 8 22 13 2 10 4 (1495) Elapsed time: 0.0095182 s
0 11 3 8 12 22 13 19 1 14 18 21 17 16 9 20 7 6 5 23 4 2 10 15 0 (1367) Elapsed time: 0.0226872 s
10 2 6 7 23 5 15 0 11 3 8 12 22 13 19 1 14 18 16 9 4 20 17 21 10 (1421) Elapsed time: 0.017288 s
9 16 20 4 23 5 6 7 15 0 11 3 12 8 22 13 19 1 14 18 21 17 2 10 9 (1444) Elapsed time: 0.0119651 s
3 11 0 15 5 7 6 23 4 9 16 20 2 10 21 17 18 14 1 19 12 8 13 22 3 (1490) Elapsed time: 0.0040346 s
18 14 1 19 9 16 21 17 2 10 6 7 4 20 23 5 15 11 3 0 22 8 12 13 18 (1485) Elapsed time: 0.0132448 s
2 10 20 7 6 5 23 4 9 16 21 17 18 14 1 19 13 22 12 8 3 11 0 15 2 (1366) Elapsed time: 0.0147056 s
6 5 23 4 9 16 21 17 18 14 1 19 13 12 8 22 0 15 11 3 7 20 2 10 6 (1430) Elapsed time: 0.0193262 s
17 21 16 9 4 23 6 5 7 20 2 10 15 0 3 11 12 8 22 13 19 1 18 14 17 (1490) Elapsed time: 0.007867 s
10 2 16 9 4 20 7 5 23 6 15 0 3 11 22 8 12 13 19 1 14 18 21 17 10 (1354) Elapsed time: 0.0137629 s
7 6 5 15 0 11 3 22 8 12 13 19 1 14 18 21 17 16 9 4 23 20 2 10 7 (1303) Elapsed time: 0.0157609 s
2 6 7 23 16 9 4 20 10 15 5 0 3 11 22 8 12 13 19 1 14 18 21 17 2 (1459) Elapsed time: 0.0104477 s
10 2 20 4 7 6 5 15 0 11 3 22 8 12 13 1 19 14 18 21 17 16 9 23 10 (1399) Elapsed time: 0.0130052 s
7 6 5 15 0 11 3 22 8 12 13 19 1 14 18 21 17 2 10 4 20 23 9 16 7 (1414) Elapsed time: 0.0105984 s
2 10 15 5 7 4 20 9 16 21 17 18 14 1 19 13 8 12 22 11 3 0 23 6 2 (1426) Elapsed time: 0.0082632 s
0 5 7 4 9 16 20 6 2 10 15 11 3 22 8 12 13 19 1 14 18 21 17 23 0 (1513) Elapsed time: 0.0077483 s
20 4 5 6 7 23 9 16 21 17 2 10 15 0 11 3 22 8 12 13 19 1 14 18 20 (1395) Elapsed time: 0.0154121 s
21 17 16 18 1 19 9 4 23 7 20 10 2 6 5 0 15 11 3 22 8 12 13 14 21 (1506) Elapsed time: 0.0110073 s
9 4 23 5 6 7 11 3 0 15 10 2 17 21 16 18 1 14 19 22 12 8 13 20 9 (1497) Elapsed time: 0.0095667 s
14 1 19 4 23 5 6 7 20 9 18 21 17 2 10 15 0 11 3 22 8 12 13 16 14 (1471) Elapsed time: 0.0131807 s
4 7 6 5 15 0 3 11 23 13 19 1 14 18 16 21 17 2 10 20 9 12 8 22 4 (1493) Elapsed time: 0.013608 s
5 23 4 9 16 17 21 18 14 1 19 13 12 8 22 3 11 15 6 7 20 10 2 0 5 (1435) Elapsed time: 0.0113116 s
23 5 6 7 20 4 9 16 21 17 2 10 15 0 11 3 22 8 12 13 19 1 14 18 23 (1364) Elapsed time: 0.0140852 s
6 5 23 4 9 16 19 1 14 18 21 17 2 10 15 0 11 3 22 8 12 13 20 7 6 (1346) Elapsed time: 0.0051087 s
2 10 0 15 5 7 6 11 3 22 8 12 13 19 14 1 18 21 17 16 9 4 23 20 2 (1449) Elapsed time: 0.0074984 s
3 11 0 15 5 6 7 2 10 20 4 23 16 17 21 18 14 1 19 13 9 12 8 22 3 (1431) Elapsed time: 0.0177233 s
23 5 6 7 4 9 16 21 17 18 1 14 19 8 12 22 13 20 2 10 15 11 3 0 23 (1507) Elapsed time: 0.0094166 s
23 7 4 20 9 16 21 17 18 1 14 19 13 8 12 22 11 3 0 15 5 6 10 2 23 (1415) Elapsed time: 0.0098543 s
21 16 9 4 23 5 6 7 20 2 10 15 0 11 3 22 8 12 13 19 1 18 14 17 21 (1349) Elapsed time: 0.025355 s
23 4 7 6 5 15 0 11 3 8 12 22 13 1 14 19 16 21 17 18 9 20 10 2 23 (1519) Elapsed time: 0.0147226 s
8 12 22 3 11 15 0 23 20 7 6 5 2 10 4 9 16 21 17 18 1 14 19 13 8 (1472) Elapsed time: 0.0145045 s
15 0 11 3 22 8 12 13 1 19 14 18 21 17 2 20 7 6 5 23 4 9 16 10 15 (1454) Elapsed time: 0.0138982 s
21 16 9 4 7 6 5 15 0 11 3 22 8 12 13 19 1 14 18 17 10 2 20 23 21 (1454) Elapsed time: 0.009719 s
7 6 5 23 20 4 9 16 21 17 18 1 19 14 13 12 8 22 3 11 0 15 10 2 7 (1361) Elapsed time: 0.0169587 s
16 9 20 4 23 7 6 5 15 0 3 11 22 12 8 13 19 1 14 18 17 21 10 2 16 (1409) Elapsed time: 0.013414 s
20 7 4 23 5 6 15 11 3 0 22 8 12 13 19 1 14 16 9 18 21 17 2 10 20 (1502) Elapsed time: 0.0131871 s
9 4 7 5 6 23 15 0 11 3 22 8 12 13 19 1 14 18 21 17 2 10 20 16 9 (1346) Elapsed time: 0.0052395 s
17 21 18 16 9 2 10 6 7 20 4 23 5 15 0 3 11 22 8 12 13 19 1 14 17 (1413) Elapsed time: 0.0146615 s
6 23 5 11 3 0 15 7 4 20 16 9 13 12 8 22 19 1 14 18 21 17 2 10 6 (1412) Elapsed time: 0.0109042 s
6 5 15 0 3 11 23 7 20 4 9 16 21 17 18 1 14 19 13 22 12 8 2 10 6 (1497) Elapsed time: 0.0100822 s
sredni czas: 0.0134135 s