13 8 20 31 26 16 21 7 32 4 30 11 9 23 39 36 46 2 42 22 33 17 45 27 6 28 12 15 10 47 35 5 25 14 38 41 34 1 19 37 44 29 3 18 24 40 43 0 13 (5911) Elapsed time: 0.0333587 s
10 47 12 15 28 6 27 45 17 33 22 24 2 18 3 29 37 19 34 1 44 42 41 38 39 36 23 14 25 5 35 13 8 20 26 31 16 21 7 32 30 9 11 4 46 40 43 0 10 (5831) Elapsed time: 0.0355204 s
37 29 44 1 34 19 41 38 39 36 46 22 33 24 2 18 3 40 43 0 28 6 27 45 17 14 25 5 35 10 47 12 15 13 8 31 26 16 20 21 7 32 4 11 30 9 23 42 37 (5739) Elapsed time: 0.0317109 s
1 44 36 46 6 28 0 12 15 10 47 35 5 21 7 32 4 31 26 16 20 8 13 25 14 23 9 30 11 39 38 41 34 19 37 29 18 3 2 24 22 33 17 45 27 43 40 42 1 (5884) Elapsed time: 0.0304102 s
9 11 30 21 7 32 14 23 39 38 41 34 1 44 42 22 33 24 2 3 18 29 37 19 36 46 17 45 27 40 43 0 28 6 12 15 47 10 35 25 5 8 13 20 31 26 16 4 9 (5751) Elapsed time: 0.0369404 s
42 44 1 34 19 37 29 18 3 2 24 22 33 45 17 27 6 28 12 47 10 15 35 5 21 7 32 30 9 11 4 20 31 26 16 8 13 0 43 40 46 36 23 14 25 39 38 41 42 (5983) Elapsed time: 0.0409167 s
33 22 24 2 42 44 1 34 39 38 41 19 37 29 18 3 46 17 45 27 6 28 47 12 15 10 35 5 25 14 32 7 21 8 13 20 31 26 16 4 11 9 30 23 36 40 43 0 33 (5945) Elapsed time: 0.0358905 s
33 22 2 24 42 44 29 3 18 37 19 34 1 41 38 39 36 23 9 11 30 32 7 21 5 35 10 15 12 47 28 6 27 40 43 45 17 25 14 4 20 31 26 16 8 13 0 46 33 (6025) Elapsed time: 0.0281637 s
19 37 29 3 18 40 43 0 28 6 27 45 17 33 22 24 2 42 44 1 34 39 36 46 25 21 5 35 15 10 47 12 31 26 16 20 8 13 7 32 4 30 9 11 14 23 38 41 19 (5838) Elapsed time: 0.0446532 s
21 7 32 30 9 11 4 20 31 26 16 35 10 15 47 12 28 6 27 0 43 40 33 22 24 2 3 18 29 37 19 34 39 38 41 1 44 42 46 36 23 14 5 25 17 45 13 8 21 (5980) Elapsed time: 0.027691 s
12 47 10 15 6 28 0 43 40 33 22 24 2 18 3 29 37 19 41 38 39 34 1 44 42 46 36 23 30 9 11 4 32 7 21 5 35 25 14 17 45 27 31 20 26 16 13 8 12 (5994) Elapsed time: 0.0389536 s
40 43 0 28 6 27 45 17 33 22 46 36 39 38 41 34 1 37 19 44 42 24 2 18 3 29 23 14 9 11 30 4 32 7 21 5 35 10 47 12 15 8 20 31 26 16 13 25 40 (6004) Elapsed time: 0.0318098 s
9 11 30 23 32 7 21 5 25 10 15 12 47 28 6 27 45 17 33 22 24 2 18 3 29 1 44 42 46 36 39 38 41 34 19 37 40 43 0 35 13 8 20 31 26 16 4 14 9 (5873) Elapsed time: 0.0433062 s
15 12 47 10 35 5 25 14 46 36 39 38 41 34 19 37 29 18 3 2 24 22 33 45 17 27 6 28 0 43 40 42 44 1 23 30 9 11 4 32 7 21 8 20 31 26 16 13 15 (5563) Elapsed time: 0.0233078 s
24 2 42 44 1 39 38 41 34 19 37 29 18 3 45 17 33 22 46 36 23 14 9 30 11 4 32 7 21 5 35 10 47 12 15 31 26 16 20 8 13 25 27 6 28 0 43 40 24 (5829) Elapsed time: 0.0456494 s
21 7 32 30 9 11 4 23 14 25 28 6 27 45 17 33 22 24 2 18 3 29 44 42 36 46 1 34 39 38 41 19 37 40 43 0 10 15 12 47 35 5 31 20 26 16 8 13 21 (6051) Elapsed time: 0.0325729 s
6 28 12 47 15 10 35 5 25 14 32 7 21 8 20 31 26 16 13 4 9 30 11 23 36 39 38 41 34 19 37 44 42 24 2 18 3 29 1 33 22 46 17 45 43 40 27 0 6 (5960) Elapsed time: 0.0390932 s
33 22 24 2 18 3 29 44 1 34 39 38 41 19 37 42 46 36 14 25 5 35 10 47 12 15 28 6 27 45 17 40 43 0 13 8 20 31 26 16 21 7 32 4 11 9 30 23 33 (5858) Elapsed time: 0.0389154 s
42 44 1 34 39 38 41 19 37 29 18 3 2 24 22 33 40 43 0 6 28 12 47 15 10 35 5 25 32 7 21 8 13 20 31 26 16 4 11 9 30 23 14 27 45 17 46 36 42 (5521) Elapsed time: 0.0382614 s
29 37 19 34 41 38 39 36 46 17 45 27 6 28 12 15 10 47 35 5 21 7 32 4 30 23 9 11 14 25 8 20 31 26 16 13 0 43 40 33 22 24 2 18 3 42 44 1 29 (5709) Elapsed time: 0.0431375 s
22 33 17 45 27 6 28 47 10 15 12 0 43 40 24 2 18 3 29 44 42 1 34 19 37 36 39 38 41 25 14 23 30 9 11 4 32 7 21 20 31 26 16 8 13 35 5 46 22 (5950) Elapsed time: 0.0330314 s
31 26 16 20 8 13 35 10 47 15 12 28 6 27 45 17 24 2 22 33 18 3 29 37 44 1 34 19 41 38 39 36 46 42 40 43 0 25 14 32 30 11 9 23 4 21 7 5 31 (6014) Elapsed time: 0.0312124 s
16 26 31 20 21 7 32 4 11 9 30 8 13 35 10 15 12 47 6 28 0 43 40 27 45 17 33 22 24 2 42 44 1 34 39 38 41 19 37 3 18 29 36 46 23 14 25 5 16 (5849) Elapsed time: 0.0342194 s
41 38 39 36 46 17 45 33 22 24 2 42 44 34 19 37 1 29 3 18 40 43 0 28 6 27 12 15 47 10 35 5 25 7 21 8 13 20 26 16 31 4 32 30 9 11 14 23 41 (5713) Elapsed time: 0.044067 s
44 1 34 19 37 29 18 3 2 24 22 33 17 45 27 6 28 12 15 47 10 35 5 25 7 32 14 23 9 30 11 4 20 31 26 16 21 8 13 0 43 40 46 36 39 38 41 42 44 (5736) Elapsed time: 0.0449188 s
47 12 15 10 35 5 21 20 31 26 16 8 13 28 6 27 17 45 33 22 24 2 42 44 1 34 41 38 23 30 9 11 14 4 32 7 25 46 36 39 19 37 29 3 18 40 43 0 47 (5853) Elapsed time: 0.050542 s
3 18 2 24 22 33 17 45 27 6 28 12 15 10 47 0 43 40 42 44 34 19 37 29 1 39 38 41 36 46 25 5 35 8 13 20 31 26 16 21 7 32 4 30 11 9 14 23 3 (5932) Elapsed time: 0.0328678 s
14 11 9 23 36 39 38 41 34 19 37 29 44 1 42 24 2 18 3 22 33 40 43 27 6 28 12 15 10 47 35 5 25 46 17 45 0 7 21 8 13 20 31 26 16 4 32 30 14 (5900) Elapsed time: 0.036981 s
0 28 6 12 15 10 47 35 5 25 46 17 45 33 22 24 2 18 3 29 44 42 19 34 37 1 39 38 41 36 23 14 9 30 11 4 32 7 21 20 31 26 16 8 13 43 40 27 0 (6001) Elapsed time: 0.0214402 s
34 19 1 44 42 33 22 24 2 18 3 29 37 41 38 39 36 46 17 45 27 6 28 47 15 10 12 0 43 40 25 35 5 8 13 20 31 26 16 4 32 7 21 30 11 9 14 23 34 (5874) Elapsed time: 0.0229628 s
36 46 17 45 27 40 43 0 28 6 12 15 47 10 35 5 21 7 8 13 20 26 16 31 4 32 30 11 9 14 23 42 2 24 22 33 18 3 29 34 1 44 37 19 41 38 39 25 36 (6053) Elapsed time: 0.0342858 s
10 47 15 12 28 6 27 17 45 43 40 33 22 24 2 18 3 29 42 44 1 34 19 37 41 38 39 36 46 25 14 23 9 11 30 32 4 31 26 16 20 8 13 21 7 5 35 0 10 (5527) Elapsed time: 0.0480118 s
17 45 46 36 1 37 19 34 42 24 22 33 40 43 0 28 6 27 15 12 47 10 35 5 25 7 21 20 31 26 16 8 13 32 14 30 9 11 4 23 39 38 41 44 29 3 18 2 17 (5976) Elapsed time: 0.0267928 s
1 34 41 38 39 36 46 42 44 37 19 29 18 3 2 24 22 33 17 45 27 6 28 47 12 15 10 35 5 21 7 32 4 31 20 26 16 8 13 9 11 30 23 14 25 0 43 40 1 (6046) Elapsed time: 0.0300873 s
30 9 11 4 32 7 21 13 8 20 31 26 16 5 35 10 15 12 47 28 6 27 0 43 40 22 33 45 17 46 1 34 44 42 24 2 18 3 29 19 37 41 38 39 36 23 14 25 30 (5712) Elapsed time: 0.0381961 s
32 7 21 8 13 20 26 16 31 4 11 30 9 23 14 45 17 25 5 35 10 15 12 47 28 6 27 24 2 42 44 46 36 39 38 41 34 1 19 37 29 3 18 33 22 40 43 0 32 (6037) Elapsed time: 0.0411798 s
5 35 10 15 12 47 28 6 27 45 17 25 7 32 30 9 11 4 14 23 34 1 44 42 24 22 33 2 18 3 29 37 19 41 38 39 36 46 40 43 0 13 8 20 31 26 16 21 5 (5754) Elapsed time: 0.0392763 s
46 36 14 11 30 9 23 39 38 41 34 1 44 42 2 24 22 33 45 17 27 6 28 12 47 15 10 35 5 25 21 7 32 4 20 26 31 16 8 13 0 43 40 3 18 29 37 19 46 (6003) Elapsed time: 0.0392592 s
9 11 30 32 7 21 5 35 10 47 12 15 6 28 0 27 43 40 24 2 18 3 29 37 19 42 44 1 34 39 38 41 36 46 17 45 33 22 23 14 25 13 8 20 26 16 31 4 9 (5982) Elapsed time: 0.0403492 s
47 12 15 28 6 27 43 40 33 22 24 2 42 44 34 1 39 38 41 19 37 29 3 18 17 45 46 36 23 14 25 10 35 5 21 7 32 4 11 30 9 31 26 16 20 8 13 0 47 (5897) Elapsed time: 0.0265023 s
16 26 31 20 8 13 35 5 21 7 32 30 9 11 23 14 25 46 42 44 1 34 39 38 41 19 37 29 3 18 2 24 22 33 17 45 0 12 15 47 10 28 6 27 43 40 36 4 16 (5918) Elapsed time: 0.0396381 s
22 33 24 2 18 3 29 37 19 34 1 44 42 46 45 17 40 43 0 28 6 27 47 10 12 15 25 7 21 5 35 13 20 31 26 16 8 32 30 9 11 4 14 23 36 39 38 41 22 (6019) Elapsed time: 0.0395121 s
40 43 45 17 33 22 24 2 42 44 1 34 39 36 23 30 9 11 4 32 7 21 8 20 31 26 16 13 10 15 12 47 28 6 27 0 35 5 25 14 46 38 41 19 37 29 3 18 40 (5804) Elapsed time: 0.0248889 s
46 36 42 24 2 33 22 17 45 27 6 28 12 15 47 10 35 5 21 7 32 30 11 9 23 39 38 41 44 1 34 19 37 29 3 18 43 40 0 13 8 20 31 26 16 4 14 25 46 (6014) Elapsed time: 0.0268386 s
17 45 27 6 28 47 12 15 10 35 5 25 21 7 32 30 9 11 4 16 26 31 20 8 13 0 43 40 33 22 24 2 18 3 29 37 19 34 1 44 42 36 39 38 41 23 14 46 17 (5668) Elapsed time: 0.0301399 s
45 17 24 22 33 2 18 3 29 37 19 1 34 41 38 39 36 23 14 9 30 11 4 32 7 21 8 13 20 26 31 16 0 28 6 27 43 40 42 44 46 12 15 10 47 35 5 25 45 (6055) Elapsed time: 0.0280129 s
15 12 47 10 35 5 25 27 6 28 0 43 40 2 24 42 44 1 34 19 37 29 18 3 22 33 17 45 46 36 39 38 41 23 9 11 30 4 32 14 7 21 20 31 26 16 8 13 15 (5716) Elapsed time: 0.0388749 s
21 7 32 30 9 11 23 14 25 5 35 10 15 12 47 6 28 0 43 40 33 22 24 2 18 3 29 44 42 37 19 34 39 38 41 1 36 46 17 45 27 8 20 31 26 16 4 13 21 (6026) Elapsed time: 0.0374026 s
26 20 31 16 10 47 12 15 28 6 27 45 17 33 22 24 2 18 3 29 37 19 34 1 44 42 46 36 39 38 41 40 43 0 5 35 25 14 23 30 9 11 4 32 7 21 13 8 26 (5980) Elapsed time: 0.0369788 s
19 37 44 1 34 41 38 39 36 46 17 45 27 6 28 12 47 15 10 35 5 21 7 32 30 9 11 4 31 26 16 20 8 13 0 43 40 24 2 18 3 29 42 22 33 25 14 23 19 (5761) Elapsed time: 0.034379 s
27 45 17 46 36 39 38 19 37 44 42 24 2 18 3 29 1 34 41 33 22 40 43 0 6 28 12 15 47 10 35 5 21 31 20 26 16 8 13 7 32 4 30 9 11 23 14 25 27 (5977) Elapsed time: 0.0310942 s
38 39 36 46 17 45 22 33 24 2 18 3 29 37 19 34 1 44 42 40 43 0 28 6 27 15 12 47 10 35 5 25 7 21 8 13 20 31 26 16 4 32 14 23 9 11 30 41 38 (5643) Elapsed time: 0.0425108 s
40 43 6 28 47 10 15 12 0 27 45 17 33 22 24 2 18 3 29 44 1 34 19 37 41 39 38 23 14 30 9 11 4 32 7 21 20 31 26 16 8 13 5 35 25 46 36 42 40 (5675) Elapsed time: 0.0596881 s
18 3 37 19 34 1 44 42 33 22 24 2 40 43 27 45 17 46 25 5 35 47 12 15 10 28 6 0 13 8 20 26 31 16 21 7 32 30 9 11 4 14 23 36 39 38 41 29 18 (5869) Elapsed time: 0.028499 s
38 41 34 1 44 42 24 2 18 3 29 37 19 39 36 23 14 32 7 21 25 35 10 28 6 27 45 17 22 33 40 43 0 12 47 15 5 13 8 20 26 16 31 30 9 11 4 46 38 (6046) Elapsed time: 0.0309668 s
29 18 3 2 24 22 33 17 45 27 6 28 47 12 15 10 35 5 21 7 32 30 11 9 23 36 46 25 14 4 16 26 31 20 8 13 0 43 40 42 44 1 37 19 34 39 38 41 29 (5828) Elapsed time: 0.0484966 s
30 14 25 5 35 10 15 12 47 28 6 27 17 45 33 22 24 2 18 3 29 44 42 1 34 19 37 38 41 39 36 46 40 43 0 13 8 20 31 26 16 21 7 32 4 23 9 11 30 (5813) Elapsed time: 0.0405724 s
8 31 26 16 20 4 11 30 9 23 14 32 7 21 5 35 10 47 15 12 28 6 27 45 22 33 17 25 46 36 39 38 41 34 19 1 44 18 3 29 37 42 24 2 43 40 0 13 8 (5983) Elapsed time: 0.0259328 s
40 42 36 46 45 17 33 22 24 2 18 3 29 44 1 34 19 37 41 38 39 23 9 30 11 4 32 14 25 7 21 13 31 20 26 16 8 5 35 10 47 12 15 28 6 27 0 43 40 (5741) Elapsed time: 0.0309724 s
5 8 13 47 10 15 12 6 28 0 43 40 27 45 17 33 22 46 42 24 2 18 3 29 19 34 1 44 37 41 38 39 36 30 11 9 23 14 25 7 32 4 31 20 16 26 21 35 5 (5993) Elapsed time: 0.0256155 s
32 14 23 36 39 38 41 34 1 44 42 24 2 18 3 29 37 19 46 17 45 33 22 40 43 27 6 28 47 10 15 12 0 35 5 21 7 25 11 9 30 4 31 20 26 16 13 8 32 (5827) Elapsed time: 0.0395706 s
10 35 5 21 7 32 4 11 9 30 23 46 36 39 38 41 34 1 44 42 24 22 33 17 45 27 6 28 12 47 15 0 43 40 2 18 3 29 37 19 14 25 20 31 26 16 8 13 10 (5793) Elapsed time: 0.0347459 s
21 7 32 30 9 11 4 14 23 36 39 38 41 19 34 1 44 37 29 18 3 40 43 6 28 12 47 10 15 0 27 45 17 33 22 24 2 42 46 25 35 5 8 13 20 31 26 16 21 (5678) Elapsed time: 0.0434594 s
23 30 9 11 4 32 7 21 20 26 16 31 8 13 5 47 10 15 12 28 6 27 17 45 22 33 24 2 18 3 37 19 34 1 44 42 46 36 39 38 41 29 40 43 0 35 25 14 23 (5804) Elapsed time: 0.0319486 s
7 21 26 16 31 20 8 13 35 5 25 14 9 11 30 32 4 23 36 39 38 41 34 1 44 42 22 33 24 2 18 3 29 37 19 46 17 45 27 6 28 12 15 47 10 40 43 0 7 (5914) Elapsed time: 0.0507144 s
14 23 36 39 38 41 34 1 19 37 29 3 18 2 24 33 22 17 45 27 6 28 0 15 47 12 10 35 5 46 42 44 40 43 25 20 31 26 16 13 8 21 7 32 30 9 11 4 14 (5930) Elapsed time: 0.0239467 s
41 38 39 34 1 19 37 29 18 3 2 24 22 33 45 17 46 36 23 14 9 11 30 32 4 16 26 31 20 8 13 5 35 10 47 12 15 28 6 27 40 43 0 7 21 25 42 44 41 (5907) Elapsed time: 0.0402702 s
37 29 3 18 2 24 22 33 17 45 27 6 28 47 10 15 12 0 43 40 44 42 1 34 41 38 39 36 46 14 25 5 35 8 13 31 26 16 20 21 7 32 4 11 9 30 23 19 37 (5638) Elapsed time: 0.0441254 s
20 31 26 16 13 8 21 7 32 30 9 11 23 36 1 44 42 24 2 18 3 29 37 19 34 39 38 41 46 45 17 33 22 40 43 27 6 28 0 12 15 10 47 35 5 25 14 4 20 (5644) Elapsed time: 0.0360578 s
1 34 19 37 29 44 42 2 24 22 33 17 45 27 6 28 15 12 47 10 35 5 25 14 30 9 11 4 32 7 21 8 20 31 16 26 13 0 43 40 3 18 41 38 39 36 23 46 1 (6031) Elapsed time: 0.0271337 s
33 22 24 2 3 18 29 37 19 34 41 38 39 36 1 44 42 46 17 45 27 6 28 12 47 15 10 35 5 21 7 32 4 11 9 23 30 14 25 8 20 31 26 16 13 0 43 40 33 (5587) Elapsed time: 0.0376192 s
17 45 27 6 28 47 12 15 10 35 5 25 7 21 8 13 20 31 26 16 0 43 40 33 22 24 2 18 3 29 37 19 34 1 44 42 46 36 39 38 41 11 4 32 30 9 23 14 17 (5977) Elapsed time: 0.0513099 s
28 6 27 45 17 46 36 39 38 41 34 1 44 42 24 2 18 3 29 37 19 22 33 40 43 0 12 15 10 47 35 5 25 7 32 4 11 9 30 23 14 8 20 31 26 16 13 21 28 (5857) Elapsed time: 0.0351827 s
33 22 2 24 42 44 1 34 39 38 41 19 37 29 18 3 45 17 27 6 28 0 12 47 10 15 5 35 13 8 20 31 26 16 4 32 21 7 25 14 23 9 11 30 36 46 43 40 33 (5810) Elapsed time: 0.046995 s
46 22 33 40 43 45 17 25 14 32 7 21 20 31 26 16 13 8 0 28 6 27 12 47 15 10 35 5 4 11 30 9 23 36 39 38 41 19 37 29 3 18 2 24 42 44 1 34 46 (5933) Elapsed time: 0.0425435 s
27 6 28 12 15 47 10 35 5 21 7 32 30 9 11 23 36 46 17 45 33 22 24 2 42 44 1 34 41 38 39 19 37 29 18 3 40 43 0 8 13 20 31 26 16 4 14 25 27 (5907) Elapsed time: 0.0403168 s
47 12 15 10 35 5 25 7 21 8 13 20 26 16 31 14 32 4 30 11 9 23 36 46 17 45 22 33 24 2 42 1 19 34 39 38 41 37 29 44 3 18 40 43 0 28 6 27 47 (5891) Elapsed time: 0.0259223 s
42 24 2 22 33 17 45 27 6 28 12 47 10 35 15 0 43 40 46 36 23 14 21 7 32 30 9 11 4 31 20 26 16 8 13 5 25 18 3 29 37 19 41 34 39 38 1 44 42 (6022) Elapsed time: 0.0399337 s
21 5 35 8 13 20 31 26 16 7 32 30 9 11 4 14 23 36 39 34 1 44 42 24 2 18 3 29 37 19 41 38 46 17 45 27 6 28 12 47 10 15 0 43 40 22 33 25 21 (5775) Elapsed time: 0.0358998 s
46 36 39 38 41 34 1 19 37 29 3 18 2 24 22 33 17 45 27 6 28 12 15 10 47 5 35 25 14 23 30 9 11 4 32 7 21 8 20 31 26 16 13 0 43 40 42 44 46 (5513) Elapsed time: 0.034059 s
7 21 25 35 12 47 10 15 28 6 27 45 17 33 22 24 2 18 3 29 37 19 34 41 38 23 9 30 11 4 32 14 46 36 39 1 44 42 40 43 0 5 8 20 31 26 16 13 7 (5960) Elapsed time: 0.0256666 s
46 42 24 2 18 3 29 37 19 1 44 40 43 27 6 28 47 12 15 10 0 35 25 7 21 5 8 13 20 31 16 26 4 32 14 30 11 9 23 39 38 41 34 36 45 17 33 22 46 (5988) Elapsed time: 0.0532094 s
23 14 32 7 21 25 5 35 10 15 12 47 28 6 27 45 17 33 22 24 2 18 3 29 37 19 41 38 44 1 34 39 46 36 42 43 40 0 13 8 20 31 26 16 4 11 9 30 23 (5904) Elapsed time: 0.0278763 s
17 45 27 6 28 47 10 15 12 0 43 40 33 22 24 2 18 3 29 44 42 37 19 34 1 39 38 41 11 9 30 7 21 20 31 26 16 8 13 35 5 25 32 4 23 14 36 46 17 (5952) Elapsed time: 0.0363487 s
44 42 24 2 18 3 29 37 19 34 1 39 38 41 33 22 17 45 27 6 28 15 12 47 10 35 5 25 14 23 30 9 11 4 32 7 21 8 20 31 26 16 13 0 43 40 46 36 44 (5830) Elapsed time: 0.0405435 s
31 20 26 16 25 7 21 8 13 5 35 10 47 12 15 28 6 0 43 40 27 45 17 46 33 22 24 2 18 3 29 34 1 44 42 37 19 41 38 39 36 23 9 11 30 32 4 14 31 (5968) Elapsed time: 0.0382176 s
45 17 33 22 24 2 18 3 29 37 19 34 41 38 39 36 46 42 44 1 30 9 11 4 32 7 21 8 20 31 26 16 13 15 12 47 10 35 5 25 14 23 6 28 0 43 40 27 45 (5904) Elapsed time: 0.0467637 s
16 26 31 20 8 13 10 15 12 47 28 6 27 45 17 46 42 44 1 34 19 37 29 3 18 2 24 22 33 43 40 0 35 5 21 7 32 4 30 9 11 36 39 38 41 23 14 25 16 (5884) Elapsed time: 0.0517501 s
25 10 35 5 21 7 32 4 30 9 11 14 23 34 1 44 42 2 24 22 33 45 17 46 36 39 38 41 19 37 29 3 18 40 43 27 6 28 12 15 47 8 20 26 16 31 13 0 25 (5998) Elapsed time: 0.0429073 s
44 1 34 19 37 29 18 3 2 24 22 33 45 17 46 36 39 38 41 25 21 7 8 13 31 20 26 16 4 11 9 14 23 30 32 5 35 10 47 12 15 28 6 0 27 43 40 42 44 (6051) Elapsed time: 0.0387946 s
7 21 5 10 47 12 15 28 6 27 22 33 17 45 43 40 24 2 18 3 29 37 19 34 41 38 39 1 44 42 46 36 23 30 32 4 11 9 14 25 35 8 20 31 26 16 13 0 7 (6042) Elapsed time: 0.0385233 s
18 3 29 37 44 1 34 19 41 38 39 36 46 17 45 27 6 28 0 12 15 10 47 35 5 21 7 32 30 4 11 9 23 14 25 20 31 26 16 13 8 42 24 2 33 22 43 40 18 (6024) Elapsed time: 0.0499508 s
21 7 32 4 11 9 30 14 23 36 46 17 45 33 22 24 2 42 44 39 38 41 19 1 34 37 29 3 18 40 43 28 6 27 0 15 12 47 10 35 5 25 26 16 20 31 8 13 21 (5662) Elapsed time: 0.0373527 s
25 14 23 30 11 9 4 32 7 21 20 31 26 16 13 8 47 12 15 10 35 5 0 28 6 27 45 17 33 22 24 2 18 3 29 37 19 34 1 44 42 46 36 39 38 41 40 43 25 (5951) Elapsed time: 0.0407752 s
20 31 26 16 8 13 35 5 21 7 32 30 9 11 4 23 14 25 10 28 6 27 17 45 33 22 24 2 18 3 29 37 19 41 38 39 36 46 42 44 1 34 40 43 0 12 47 15 20 (5866) Elapsed time: 0.0474189 s
43 40 22 33 45 17 27 6 28 47 10 15 12 0 35 5 21 7 32 30 9 11 4 20 31 26 16 8 13 25 14 23 36 46 42 44 1 34 37 19 41 38 39 29 18 3 2 24 43 (5852) Elapsed time: 0.0481911 s
11 9 30 14 23 36 39 38 41 34 1 44 42 24 2 18 3 29 37 19 46 17 45 27 6 28 0 43 40 22 33 47 12 15 10 35 5 21 7 32 4 25 8 13 20 31 26 16 11 (6016) Elapsed time: 0.0454289 s
12 47 10 15 0 6 28 35 5 25 46 17 45 27 43 40 33 22 24 2 18 3 29 37 19 34 1 44 42 23 36 39 38 41 14 4 11 9 30 32 7 21 20 26 16 31 8 13 12 (5990) Elapsed time: 0.0238058 s
10 15 12 47 6 28 0 43 40 27 45 17 33 22 24 2 42 44 1 34 19 37 29 3 18 36 39 38 41 30 9 11 14 23 46 25 7 21 32 4 20 31 26 16 8 13 35 5 10 (6049) Elapsed time: 0.0305775 s
25 5 35 10 47 15 12 28 6 27 45 17 46 36 39 38 41 19 37 44 1 34 23 14 32 30 9 11 4 20 31 26 16 21 7 8 13 0 43 40 24 2 18 3 29 42 33 22 25 (5860) Elapsed time: 0.0495198 s
sredni czas: 0.0371284 s