47 46 45 44 32 43 39 40 41 42 48 49 52 51 54 50 56 55 68 69 70 71 74 72 73 76 75 66 67 65 63 62 61 60 59 58 57 53 24 23 22 21 20 18 17 19 16 15 14 13 12 11 9 8 6 7 5 4 3 2 1 28 30 31 29 0 35 36 37 34 33 38 78 79 82 80 81 90 89 88 87 77 85 84 83 86 94 92 93 91 95 64 27 26 25 10 47 (64255) Elapsed time: 0.181732 s
15 14 13 12 11 9 8 6 7 5 4 3 2 1 28 0 29 30 31 35 36 37 34 33 43 32 41 42 48 49 51 54 50 52 45 46 47 24 23 22 20 21 25 27 26 62 61 60 59 58 70 71 72 74 75 76 91 92 93 94 95 64 67 66 65 63 53 57 56 55 68 69 80 82 81 89 88 87 77 84 85 83 73 86 90 79 78 38 39 40 44 10 16 19 18 17 15 (61846) Elapsed time: 0.239288 s
85 84 83 86 89 88 90 82 81 80 69 68 56 55 57 53 52 51 49 48 42 41 40 39 38 37 36 35 34 33 28 29 30 31 0 1 2 3 4 5 7 6 8 9 11 12 13 14 15 16 17 18 19 20 21 25 26 27 64 63 65 67 66 74 76 75 91 92 93 95 94 77 87 73 72 71 70 58 59 60 61 62 24 23 22 47 45 46 10 32 43 44 50 54 79 78 85 (65885) Elapsed time: 0.244684 s
44 43 32 39 38 40 41 42 48 49 45 46 47 24 23 22 20 19 18 17 16 15 14 13 12 11 9 8 6 7 5 4 3 2 1 0 30 29 28 31 36 35 34 33 37 78 79 90 89 88 86 84 83 85 87 77 73 74 75 76 92 91 94 93 95 64 26 27 25 21 61 62 63 65 67 66 60 59 57 53 52 51 54 50 68 69 55 56 58 70 71 72 81 80 82 10 44 (65860) Elapsed time: 0.179201 s
44 43 32 33 34 36 35 31 30 29 28 0 2 1 3 4 5 7 6 8 9 11 12 13 14 15 19 18 17 16 20 21 25 27 26 64 65 67 66 63 62 61 60 59 58 57 53 52 51 49 48 42 41 40 39 38 37 78 79 73 74 72 71 70 76 75 91 92 93 95 94 77 87 84 85 83 86 89 88 90 82 81 80 69 68 56 55 54 50 46 47 24 23 22 45 10 44 (63266) Elapsed time: 0.220382 s
32 33 34 37 36 35 31 30 29 28 0 1 2 4 5 7 6 3 8 9 11 12 13 14 15 16 19 18 17 20 21 25 22 23 24 47 46 45 49 51 54 50 52 57 53 56 55 68 69 80 81 82 90 89 88 87 77 85 84 83 86 73 74 72 71 70 58 59 61 62 63 67 66 65 64 27 26 60 75 76 91 92 93 94 95 79 78 41 42 48 40 39 38 43 44 10 32 (64925) Elapsed time: 0.16491 s
31 30 29 28 0 33 34 37 35 36 38 39 40 41 42 48 49 51 54 50 52 53 57 55 56 68 69 81 80 82 90 89 88 86 85 84 83 73 74 72 71 70 58 60 61 62 63 65 66 67 75 76 91 92 93 94 95 64 26 27 25 21 22 23 24 47 46 45 44 43 32 10 14 13 12 11 9 8 6 4 3 2 1 7 5 15 16 17 18 19 20 59 77 87 79 78 31 (65939) Elapsed time: 0.167305 s
73 74 76 75 91 92 93 94 95 64 65 67 66 63 62 61 60 59 57 53 54 50 51 52 49 48 42 41 40 39 38 37 34 33 32 43 44 10 45 46 47 24 23 22 26 27 25 21 20 18 19 16 17 15 14 13 12 11 9 8 6 5 7 4 3 1 2 28 29 30 31 35 36 0 78 69 80 82 81 72 71 70 58 56 55 68 79 90 89 88 86 85 84 83 87 77 73 (62945) Elapsed time: 0.174783 s
34 33 35 36 37 38 39 40 41 42 48 49 51 54 52 53 57 55 56 68 69 78 79 80 81 82 90 89 88 86 87 85 84 83 73 77 76 75 74 72 71 70 58 59 60 61 62 63 65 67 66 93 92 94 91 95 64 26 25 27 23 22 21 20 18 19 17 16 15 14 13 12 11 9 8 6 5 7 4 3 1 2 0 28 32 43 44 45 46 47 24 50 10 31 30 29 34 (64105) Elapsed time: 0.172062 s
29 30 31 35 36 37 38 39 40 41 42 48 49 51 52 54 50 46 47 45 44 43 32 4 5 7 6 8 9 11 12 13 14 15 16 17 18 19 20 21 25 26 27 22 23 24 53 58 59 57 56 55 68 69 80 81 82 90 89 88 86 84 85 87 77 73 76 75 74 72 71 70 60 63 65 66 67 61 62 64 95 93 94 92 91 83 79 78 28 0 1 2 3 10 33 34 29 (65876) Elapsed time: 0.174852 s
43 32 33 34 37 36 35 31 30 29 28 0 1 2 3 4 5 7 6 8 9 11 12 13 14 15 10 47 46 45 44 39 40 41 42 48 49 51 52 54 50 56 55 68 69 81 80 82 90 89 88 86 85 84 83 73 77 87 91 93 92 94 95 64 26 27 25 21 20 16 19 18 17 24 23 22 53 57 58 59 60 61 62 63 65 67 66 75 76 74 72 71 70 78 79 38 43 (63525) Elapsed time: 0.29521 s
82 80 81 90 89 88 86 85 84 87 77 76 74 75 72 71 70 73 83 69 55 56 68 50 54 51 45 46 47 10 32 43 44 38 37 35 36 33 34 29 30 31 28 0 2 1 4 3 5 7 6 8 9 11 12 13 14 15 19 18 17 16 20 21 25 27 26 23 22 24 61 62 63 65 66 67 64 95 93 92 91 94 60 59 58 57 53 52 49 48 42 41 40 39 78 79 82 (65565) Elapsed time: 0.17715 s
83 84 85 87 77 73 74 72 71 70 58 55 56 68 69 80 81 82 90 89 88 86 75 76 91 92 93 94 95 64 63 66 67 65 61 62 60 59 53 57 52 51 54 50 49 48 42 41 40 39 38 37 34 33 43 44 32 35 36 31 30 29 28 0 1 2 3 4 5 7 6 8 9 11 12 13 14 15 16 17 18 19 20 21 25 27 26 22 23 24 45 46 47 10 78 79 83 (63117) Elapsed time: 0.175329 s
46 47 45 44 43 32 33 34 35 36 37 31 30 29 0 28 1 2 4 3 7 5 6 8 9 11 12 13 14 15 16 19 18 17 20 21 25 27 26 64 93 92 91 94 95 66 67 65 63 62 61 60 59 58 57 53 55 56 68 69 81 82 80 72 74 76 77 87 85 84 83 73 70 71 75 88 89 86 90 79 78 38 39 40 41 42 48 49 51 54 50 52 10 24 23 22 46 (63947) Elapsed time: 0.229038 s
58 60 61 62 63 65 66 67 64 27 26 25 21 20 17 18 19 16 15 14 13 12 11 9 8 6 7 5 4 3 2 1 28 30 29 31 0 35 36 34 33 38 39 40 41 42 48 49 45 46 47 53 57 52 54 50 51 56 55 68 69 80 81 82 90 89 88 86 87 77 84 85 83 73 72 74 75 76 91 92 93 94 95 22 23 24 10 44 43 32 37 78 79 59 71 70 58 (64938) Elapsed time: 0.165834 s
47 46 45 49 51 52 54 50 56 55 68 69 81 80 82 90 89 86 85 84 83 73 72 71 70 58 57 53 59 60 61 62 63 65 66 67 64 95 94 93 92 91 76 75 74 77 87 88 79 78 38 39 40 41 42 48 44 43 32 33 37 36 35 31 30 29 28 0 1 2 3 4 5 7 6 8 9 11 12 13 14 15 19 18 17 16 20 21 25 27 26 23 24 22 34 10 47 (63888) Elapsed time: 0.226399 s
47 46 45 49 51 54 50 39 40 41 42 48 52 53 57 55 56 68 69 58 70 71 74 72 73 83 84 85 77 76 75 65 66 67 63 62 61 60 59 24 23 22 25 21 20 16 17 19 18 15 14 13 12 11 9 8 6 5 7 4 3 2 1 28 31 30 29 0 36 35 34 33 37 38 43 32 44 10 27 26 64 95 93 92 91 94 87 86 89 88 90 82 81 80 79 78 47 (65511) Elapsed time: 0.114674 s
89 88 86 87 85 84 83 73 72 71 70 74 75 76 91 92 93 94 95 64 65 66 67 63 61 60 59 58 55 56 68 69 81 80 82 90 79 78 50 54 52 51 49 48 42 41 40 39 38 34 33 35 36 37 31 30 29 0 28 2 1 3 4 5 7 6 8 9 11 13 14 15 16 19 18 17 20 21 25 27 26 22 23 24 53 57 47 46 45 44 43 32 10 12 62 77 89 (64750) Elapsed time: 0.171175 s
54 51 50 52 49 48 42 41 40 39 38 37 36 35 30 31 29 0 43 32 33 34 28 1 2 3 4 5 7 6 8 9 11 12 13 14 15 18 19 17 16 20 21 25 27 26 22 23 24 47 46 45 44 10 79 78 80 81 82 90 89 88 86 85 84 87 77 83 73 74 75 76 91 92 93 94 95 64 66 67 65 63 61 60 62 59 58 57 53 55 56 68 69 71 70 72 54 (65132) Elapsed time: 0.174435 s
53 57 58 59 61 62 63 67 66 65 76 73 77 87 86 89 88 85 84 83 74 72 71 70 75 93 92 94 91 95 64 26 27 24 23 22 21 25 20 19 18 17 16 15 14 13 12 11 9 8 6 5 7 4 3 2 1 28 0 29 30 31 35 36 34 33 37 38 39 40 41 42 48 49 51 54 50 55 56 68 69 82 81 80 90 79 78 44 43 32 10 45 47 46 52 60 53 (65981) Elapsed time: 0.179451 s
75 76 74 77 87 86 88 89 90 82 81 80 69 68 55 56 58 59 61 60 62 63 65 66 67 92 93 91 94 95 64 27 26 25 21 20 17 16 19 18 15 14 13 12 11 9 8 6 5 7 4 3 2 1 28 29 30 31 35 36 33 34 37 38 39 40 41 42 48 49 51 50 54 52 45 46 47 53 57 24 23 22 10 44 43 32 0 78 79 73 83 84 85 72 71 70 75 (64959) Elapsed time: 0.166337 s
5 7 6 4 3 1 2 8 9 11 12 13 14 15 18 17 19 16 20 21 25 26 27 22 23 24 47 46 45 44 43 39 38 37 33 34 35 36 29 30 31 0 28 32 49 51 54 50 52 53 57 55 56 68 69 80 81 82 90 89 88 86 85 84 83 77 87 91 92 93 94 95 64 63 65 67 66 62 61 60 59 58 70 71 72 75 74 76 73 79 78 40 41 42 48 10 5 (63885) Elapsed time: 0.16473 s
86 84 85 83 73 77 87 90 89 88 79 78 37 36 35 31 30 29 28 0 1 2 3 4 5 7 6 8 9 11 12 13 14 15 16 17 18 19 20 21 25 27 26 22 23 24 47 46 45 49 51 54 50 52 53 57 55 56 68 69 58 70 71 72 74 75 76 91 94 92 93 95 64 65 66 67 63 62 61 60 59 39 38 43 44 33 34 32 10 48 42 41 40 81 80 82 86 (65564) Elapsed time: 0.172097 s
80 81 82 90 89 88 87 77 85 84 83 86 73 75 72 71 70 58 69 68 56 55 54 50 51 52 49 48 42 41 40 39 38 37 36 35 31 30 29 0 28 1 2 3 4 5 7 6 8 9 11 13 12 14 15 16 19 18 17 20 21 25 26 27 64 67 66 65 63 62 61 60 59 57 53 47 46 45 44 43 32 33 34 10 24 23 22 95 94 93 92 91 76 74 79 78 80 (62953) Elapsed time: 0.167158 s
40 41 42 48 39 38 34 33 37 35 36 31 30 29 0 28 1 2 3 5 4 7 6 8 9 11 12 13 14 15 16 19 18 17 20 21 25 27 26 64 65 66 67 63 62 61 60 59 58 51 52 54 50 49 45 44 43 32 10 46 47 53 57 56 55 68 69 80 81 82 90 89 88 86 83 84 85 87 77 76 74 72 71 70 73 75 91 92 93 94 95 24 23 22 79 78 40 (65828) Elapsed time: 0.121811 s
52 51 54 50 49 48 42 41 40 39 38 37 36 35 31 30 29 28 0 1 2 5 7 6 3 4 8 9 11 12 13 14 15 16 19 18 17 20 21 25 27 26 64 70 71 72 74 75 76 91 92 94 95 93 66 67 65 63 62 61 60 59 57 53 47 46 45 44 43 32 10 33 34 78 79 90 89 88 86 84 85 83 87 77 73 81 80 82 69 68 55 56 58 23 22 24 52 (63240) Elapsed time: 0.255 s
10 44 43 32 33 34 37 36 35 31 30 29 0 28 2 1 3 4 5 7 6 8 9 11 12 13 14 15 16 17 19 18 20 21 25 27 26 22 23 24 47 46 45 50 49 48 42 41 40 39 38 51 54 52 53 57 56 55 68 69 80 81 82 90 89 88 86 85 84 83 73 76 77 87 91 92 94 93 95 64 65 66 67 63 62 61 60 59 58 70 71 72 74 75 79 78 10 (61636) Elapsed time: 0.256754 s
3 4 5 6 8 9 11 12 13 14 15 17 19 18 16 20 21 25 27 26 67 66 65 63 62 61 60 59 58 56 55 68 69 80 81 82 90 89 88 86 85 84 83 73 77 87 76 72 71 70 74 75 91 92 93 94 95 64 23 22 24 47 46 53 57 52 51 54 50 49 48 42 41 40 39 38 37 34 33 28 29 30 31 35 36 32 43 44 45 10 78 79 0 1 2 7 3 (65911) Elapsed time: 0.214474 s
85 84 83 73 81 80 82 90 86 87 77 76 75 74 72 71 70 60 61 62 63 65 67 66 27 26 25 21 20 19 18 17 16 15 14 13 12 11 9 8 6 7 5 4 3 2 1 28 0 29 30 31 35 36 37 34 33 32 10 49 48 42 41 40 39 38 43 44 45 46 47 52 51 50 54 56 55 68 69 58 57 53 59 24 23 22 64 95 94 92 93 91 88 89 79 78 85 (63457) Elapsed time: 0.234946 s
63 65 66 67 93 92 91 94 95 64 26 27 25 21 20 17 19 16 18 23 22 24 53 57 59 58 60 61 62 69 68 55 56 52 51 49 48 42 41 40 39 38 37 36 35 31 30 29 28 0 1 2 3 4 5 7 6 8 9 11 12 13 14 15 10 44 43 32 33 34 45 47 46 54 50 78 79 86 88 89 90 82 80 81 83 73 77 85 84 87 76 75 74 72 71 70 63 (64432) Elapsed time: 0.168708 s
34 33 32 43 44 45 46 47 52 49 51 53 57 59 60 61 62 63 65 66 67 75 76 70 71 72 74 73 77 85 84 83 82 81 80 69 68 56 55 58 54 50 48 42 41 40 39 38 37 36 35 31 30 29 0 28 1 2 3 4 5 7 6 8 9 11 12 13 14 15 16 19 18 17 20 21 25 22 23 24 26 27 64 95 93 94 92 91 87 88 89 86 90 79 78 10 34 (61687) Elapsed time: 0.173813 s
53 57 55 56 68 69 80 81 82 90 89 88 86 85 84 83 73 77 76 75 74 72 71 70 58 59 61 62 60 63 65 67 66 92 93 95 94 91 87 79 78 38 39 40 41 42 48 49 51 54 50 52 45 44 43 32 33 34 37 36 35 31 30 29 28 0 1 2 3 4 5 7 6 8 9 11 12 13 14 15 16 19 18 17 20 22 23 24 47 46 10 25 26 27 64 21 53 (64897) Elapsed time: 0.21735 s
16 19 17 18 20 21 25 26 27 22 23 24 47 46 45 44 43 32 33 34 35 36 37 38 39 40 41 42 48 49 51 50 54 52 53 57 56 55 68 69 80 81 82 90 89 88 86 85 84 83 73 77 87 91 92 93 95 64 65 67 66 63 62 61 60 59 58 70 71 72 74 75 76 94 79 78 0 30 31 29 28 1 2 4 3 6 7 5 9 8 11 13 14 15 12 10 16 (64946) Elapsed time: 0.232302 s
2 1 3 4 5 7 6 8 9 11 12 13 14 15 16 17 19 18 20 21 25 27 26 22 23 24 47 46 45 44 43 32 33 34 37 36 35 31 30 29 0 28 38 39 40 41 42 48 49 51 54 50 52 57 53 59 60 61 62 63 65 67 66 64 95 94 93 92 91 73 74 76 75 72 71 70 58 55 56 68 69 80 81 82 90 89 88 86 85 84 77 87 83 78 79 10 2 (63370) Elapsed time: 0.221152 s
77 76 75 74 72 71 70 73 83 87 86 88 89 90 82 81 80 69 68 58 60 59 61 62 63 65 67 66 93 92 91 94 95 64 27 26 25 21 22 23 24 47 46 45 10 44 43 32 33 34 37 36 35 31 30 29 0 28 1 2 3 5 6 7 4 8 9 11 12 13 14 15 16 18 17 19 20 53 57 55 56 54 50 51 52 49 48 42 41 40 39 38 78 79 84 85 77 (60501) Elapsed time: 0.171636 s
69 68 55 56 57 53 54 50 52 51 49 48 42 41 40 39 38 37 34 33 36 35 31 30 29 0 1 2 3 4 5 7 6 8 9 11 12 13 14 15 16 19 18 17 20 21 22 23 24 62 61 60 59 58 81 80 82 90 89 88 86 83 84 85 87 77 73 72 74 75 76 91 92 93 94 95 64 67 66 65 63 26 27 25 46 47 45 44 43 32 10 28 78 79 70 71 69 (65538) Elapsed time: 0.223547 s
78 68 55 56 69 81 80 82 90 89 88 86 91 92 93 65 67 66 63 62 61 60 59 53 57 52 54 50 51 49 48 42 41 40 39 38 37 34 33 35 36 31 30 29 28 0 1 2 3 4 5 7 6 8 9 11 12 13 14 15 19 18 17 16 20 22 23 24 47 46 45 44 43 32 10 25 21 27 26 64 95 94 77 87 85 84 83 73 74 72 70 71 76 75 58 79 78 (66140) Elapsed time: 0.171875 s
70 71 72 74 73 83 84 85 86 87 77 76 75 67 66 65 63 61 62 59 58 60 55 56 68 69 80 82 81 90 88 89 91 92 93 94 95 64 26 27 25 21 20 19 18 17 16 22 23 24 47 46 45 44 43 32 33 35 36 37 34 29 30 31 0 28 1 2 3 4 5 7 6 8 9 11 12 13 14 15 10 52 51 54 50 49 48 42 41 40 39 38 78 79 57 53 70 (65544) Elapsed time: 0.224128 s
24 23 22 26 27 25 21 20 19 17 18 16 15 14 12 13 11 9 8 6 7 5 4 3 2 1 0 28 29 30 31 35 36 37 34 33 32 43 44 45 46 47 53 57 58 59 61 60 63 66 67 65 64 95 93 94 92 91 76 87 88 89 86 85 84 83 73 74 75 71 70 72 77 81 80 82 90 79 78 40 41 42 48 49 38 39 10 52 51 54 50 55 56 68 69 62 24 (63741) Elapsed time: 0.176004 s
48 42 41 40 39 38 34 33 35 36 37 78 79 90 86 89 88 87 84 83 85 77 76 75 74 72 71 70 73 92 94 91 93 95 64 65 67 66 63 62 61 60 59 58 57 56 55 68 69 82 80 81 50 54 52 49 51 45 46 47 53 24 23 22 21 25 27 26 20 19 18 17 16 15 14 13 12 11 9 8 6 5 7 4 3 1 2 28 0 30 29 31 43 44 32 10 48 (64807) Elapsed time: 0.183128 s
68 55 56 69 70 71 72 74 75 76 77 87 85 84 83 73 81 80 82 90 89 88 86 91 92 93 94 95 64 27 26 25 21 20 17 18 19 16 15 14 13 12 11 9 8 7 5 4 3 2 1 28 29 30 31 35 36 37 38 39 40 41 42 48 49 51 52 54 50 45 46 47 53 57 58 59 61 60 63 65 66 67 62 22 23 24 6 10 44 43 32 33 34 0 78 79 68 (66233) Elapsed time: 0.17423 s
4 3 5 7 6 8 9 11 12 13 14 15 16 17 19 18 20 22 24 23 25 21 27 26 64 65 67 66 63 62 61 60 59 58 55 56 68 69 80 81 82 84 85 83 73 72 71 70 75 74 76 91 92 93 95 94 77 87 86 89 88 90 79 78 50 54 51 52 49 48 42 41 40 39 38 37 34 33 32 43 44 45 46 47 53 57 1 2 28 29 30 31 35 36 0 10 4 (65923) Elapsed time: 0.230585 s
41 42 48 49 51 54 50 52 44 43 32 33 34 37 36 35 31 30 29 0 28 1 2 3 4 5 7 6 8 9 11 12 13 14 15 21 25 27 26 23 22 20 19 18 17 16 24 53 57 56 55 68 69 80 81 82 90 89 88 86 85 84 77 73 74 75 76 91 94 92 93 95 64 65 67 66 61 62 63 60 58 59 71 70 72 87 83 79 78 39 40 38 10 45 47 46 41 (66141) Elapsed time: 0.223522 s
37 34 33 32 43 44 45 46 47 53 57 54 51 49 48 42 41 40 39 38 35 36 31 30 29 0 28 1 2 3 4 5 7 6 8 9 11 12 13 14 15 16 18 19 17 20 21 25 26 27 64 67 66 65 63 62 61 60 59 58 55 56 68 69 81 80 82 90 88 89 86 87 85 84 83 73 72 71 70 74 75 76 77 91 92 93 95 94 23 22 24 10 52 50 78 79 37 (64537) Elapsed time: 0.17089 s
33 34 37 35 36 31 30 29 0 28 1 2 3 4 7 5 6 8 11 9 12 13 14 15 16 19 18 17 20 21 25 27 26 64 63 65 66 67 62 61 60 59 58 57 53 47 46 45 44 43 38 39 40 41 42 48 49 51 54 50 52 55 56 68 69 80 81 82 90 89 88 87 77 85 84 83 73 72 74 75 76 91 92 93 95 94 70 71 86 79 78 24 23 22 10 32 33 (64912) Elapsed time: 0.169925 s
20 18 17 16 19 15 14 13 12 11 9 8 6 7 5 4 3 2 1 28 29 30 31 35 36 37 38 39 40 41 42 48 49 51 54 50 52 53 59 58 57 55 56 68 69 81 80 82 83 85 84 77 76 75 72 71 70 60 61 62 63 65 66 67 92 93 95 64 27 26 25 22 23 24 47 46 45 10 32 43 44 33 34 0 78 79 90 89 88 87 86 73 74 91 94 21 20 (64987) Elapsed time: 0.224207 s
31 30 29 0 28 1 2 4 3 6 5 7 8 9 11 12 13 14 15 16 17 19 18 20 21 25 22 23 24 47 46 45 49 42 48 41 40 39 38 50 54 51 52 53 57 56 55 68 69 70 71 72 74 76 75 73 77 87 86 85 84 83 82 80 81 90 89 88 91 92 94 93 95 64 26 27 63 65 66 67 62 61 60 58 59 10 44 43 32 34 33 36 35 37 78 79 31 (65380) Elapsed time: 0.178892 s
58 55 56 68 69 71 70 72 74 75 76 77 87 86 89 88 84 85 83 73 81 80 82 90 79 78 38 39 40 41 42 48 49 52 51 50 54 57 53 46 47 45 44 43 32 33 34 37 36 35 31 30 29 0 28 1 2 3 4 5 7 6 8 9 11 13 14 12 15 18 19 16 17 21 25 26 27 64 95 93 92 91 94 67 66 65 60 61 62 63 24 23 22 20 10 59 58 (64677) Elapsed time: 0.167669 s
6 7 5 4 3 2 1 28 0 29 30 31 35 36 37 34 33 43 32 44 45 46 47 24 23 22 26 27 25 21 20 18 17 19 16 15 14 13 12 11 9 8 10 51 52 49 48 42 41 40 39 38 50 54 56 55 68 69 81 80 82 90 89 88 86 85 87 77 84 83 73 76 75 74 72 71 70 60 61 62 63 65 67 66 93 92 91 94 95 64 59 57 53 58 78 79 6 (66186) Elapsed time: 0.226309 s
73 84 85 83 87 77 76 74 75 67 66 65 63 62 61 60 59 58 53 57 56 55 68 69 81 80 82 90 86 89 88 91 92 93 94 95 64 27 26 24 23 22 21 25 20 19 18 17 16 15 14 13 12 11 9 8 6 5 7 4 3 1 2 0 28 30 31 29 35 36 37 34 33 32 43 44 45 46 47 52 51 50 54 49 48 42 41 40 39 38 10 78 79 70 71 72 73 (64210) Elapsed time: 0.165138 s
88 89 87 85 84 83 86 90 81 80 69 68 56 55 58 57 53 59 61 62 63 65 67 66 60 22 23 24 47 46 45 49 51 54 52 50 48 42 41 40 39 38 43 44 10 32 33 37 36 35 31 30 29 28 0 34 2 1 3 4 5 7 6 8 9 11 12 13 14 15 16 17 18 19 20 21 25 26 27 64 95 93 92 94 91 76 75 74 72 71 70 73 77 82 79 78 88 (64684) Elapsed time: 0.167235 s
33 34 37 36 35 31 30 29 0 28 1 2 4 3 5 7 6 8 9 11 12 13 14 15 19 18 17 16 20 21 25 27 26 23 22 24 47 46 45 49 51 52 54 50 38 39 40 41 42 48 44 43 32 10 53 57 58 59 60 61 62 63 65 67 66 92 94 93 95 64 91 77 87 86 89 88 90 82 81 80 83 73 72 71 70 74 75 76 84 85 69 68 55 56 78 79 33 (65810) Elapsed time: 0.172101 s
35 36 37 34 33 32 43 44 45 46 47 24 23 22 25 21 20 18 19 16 17 15 14 13 12 11 9 8 6 7 5 4 3 2 1 28 31 30 29 0 39 40 41 42 48 49 51 52 50 54 55 56 68 69 80 81 82 90 89 88 86 87 77 83 84 85 73 74 72 71 70 60 61 62 63 65 66 67 93 75 76 91 92 94 95 64 27 26 59 58 57 53 78 79 38 10 35 (65378) Elapsed time: 0.217125 s
44 43 32 33 34 35 36 37 38 39 40 41 42 48 49 51 50 54 52 53 57 56 55 68 69 80 81 82 90 89 86 88 87 77 85 84 83 73 74 75 76 72 71 70 58 59 60 61 62 63 65 66 67 25 21 20 19 16 17 18 15 14 13 12 11 9 8 6 7 5 4 3 2 1 0 29 30 31 28 45 46 47 24 23 22 26 27 64 95 93 94 92 91 79 78 10 44 (63049) Elapsed time: 0.231901 s
52 51 50 54 55 56 57 53 47 46 45 49 48 42 41 40 39 38 37 36 35 34 33 32 44 43 28 29 30 31 0 2 1 3 4 5 7 6 8 9 11 12 13 14 15 16 19 18 17 20 21 22 23 24 59 58 68 69 78 79 90 82 81 80 86 85 84 83 73 72 70 71 75 76 74 77 87 89 88 91 92 94 93 95 64 27 26 25 63 65 67 66 61 62 60 10 52 (65867) Elapsed time: 0.175645 s
59 61 62 63 65 66 67 75 74 72 71 70 58 60 55 56 68 69 80 81 82 90 89 88 86 85 84 83 73 77 76 91 94 92 93 95 64 27 26 22 23 24 21 25 20 19 18 17 16 15 14 13 12 11 9 8 6 5 7 4 3 1 2 10 46 47 45 44 43 32 0 28 30 29 31 35 36 37 34 33 39 38 40 41 42 48 49 51 50 54 52 53 57 78 79 87 59 (65720) Elapsed time: 0.170342 s
42 41 40 39 38 37 34 33 31 30 29 0 28 1 2 3 4 5 7 6 8 9 11 12 13 14 15 16 19 18 17 20 21 25 26 64 27 22 23 24 47 46 45 44 43 32 10 48 49 52 54 50 51 57 53 59 60 61 62 63 65 67 66 75 74 72 71 70 58 55 56 68 69 73 77 84 85 86 88 89 90 82 80 81 83 87 76 91 92 93 95 94 79 78 36 35 42 (65512) Elapsed time: 0.223602 s
86 85 84 83 73 74 72 71 70 58 59 60 61 62 63 65 66 67 64 27 26 25 22 23 24 46 47 52 57 53 55 56 68 69 81 80 82 90 89 88 87 77 76 75 93 92 91 94 95 20 21 19 16 17 18 15 14 13 12 11 9 8 6 4 5 7 3 2 1 28 29 30 31 0 32 43 44 45 10 49 51 50 54 48 42 41 40 39 38 37 36 35 34 33 78 79 86 (65876) Elapsed time: 0.274909 s
20 21 25 27 26 64 65 67 66 63 62 61 60 59 58 55 56 68 69 57 53 52 51 50 54 49 48 42 41 40 39 38 37 34 33 32 10 43 44 45 46 47 24 23 22 19 18 17 16 15 14 13 12 11 9 8 6 5 7 4 3 2 1 28 0 29 30 31 35 36 78 79 90 89 88 86 85 84 83 73 72 71 70 74 75 76 77 87 91 92 93 95 94 81 82 80 20 (65609) Elapsed time: 0.270375 s
73 84 85 83 86 89 88 87 77 76 75 74 72 71 70 58 60 61 62 63 65 66 67 59 57 53 52 51 50 54 49 48 42 41 40 39 38 37 34 33 36 35 31 30 29 28 0 43 44 32 10 15 14 13 12 11 9 8 6 7 5 4 3 2 1 45 46 47 24 23 22 20 19 18 17 16 21 25 27 26 64 95 93 92 94 91 82 81 80 69 68 55 56 78 79 90 73 (64356) Elapsed time: 0.176932 s
31 33 34 37 36 35 30 29 0 28 1 2 3 4 5 7 6 8 9 11 12 13 14 15 16 19 17 18 20 21 24 23 22 25 27 26 64 95 94 91 92 93 75 76 74 72 71 70 60 61 62 63 65 67 66 77 84 85 83 73 86 87 88 89 90 82 81 80 69 68 55 56 57 53 52 51 54 50 49 48 42 41 40 39 38 43 44 45 46 47 59 58 78 79 10 32 31 (65366) Elapsed time: 0.287075 s
88 89 86 87 77 85 84 83 73 74 72 71 70 60 61 62 63 66 67 65 26 27 25 21 20 19 18 17 16 15 14 13 12 11 9 8 6 7 5 4 3 1 2 28 29 30 31 36 35 33 34 37 38 39 42 41 40 48 49 51 52 54 50 59 58 57 53 55 56 68 69 81 82 80 90 79 78 0 44 43 32 10 45 46 47 24 23 22 64 95 93 92 91 94 76 75 88 (65596) Elapsed time: 0.170525 s
70 71 72 74 76 75 73 84 85 83 86 89 88 87 77 91 92 93 95 64 27 26 25 21 22 23 24 59 58 57 53 52 51 54 50 40 39 38 34 33 37 35 36 31 30 29 28 0 1 2 3 4 5 7 6 8 9 11 12 13 14 15 16 19 18 17 20 10 46 47 45 44 43 32 41 42 48 49 78 79 90 82 80 81 69 68 55 56 62 61 60 63 65 66 67 94 70 (65049) Elapsed time: 0.267222 s
44 43 32 33 34 36 35 31 30 29 28 0 1 2 3 4 5 7 6 8 9 11 12 13 14 15 19 18 17 16 20 21 25 27 26 64 65 66 67 63 62 61 60 59 53 57 58 55 56 68 69 80 81 82 90 89 88 87 77 84 85 86 83 73 72 71 70 74 76 75 91 92 93 94 95 22 23 24 47 46 45 49 51 50 54 52 48 42 41 40 39 38 37 78 79 10 44 (62729) Elapsed time: 0.226154 s
80 81 82 90 86 88 89 87 77 85 84 83 73 74 72 71 70 58 59 60 61 62 63 65 66 67 75 76 91 92 93 94 95 64 27 22 23 24 21 25 26 20 18 19 17 16 15 14 13 12 11 9 8 6 7 5 4 3 1 2 29 30 31 35 36 37 34 33 28 0 39 40 41 42 48 49 51 52 54 50 68 69 55 56 57 53 47 46 45 43 32 44 10 38 78 79 80 (63296) Elapsed time: 0.17678 s
67 66 65 63 62 61 60 59 57 53 47 46 45 44 32 33 34 35 36 37 38 39 40 41 42 48 49 52 51 54 50 55 56 68 69 78 79 90 82 81 80 83 84 85 86 89 88 87 77 73 74 72 71 70 75 76 91 92 93 94 95 64 27 26 25 21 22 23 24 20 19 18 17 16 15 14 13 12 11 9 8 6 7 5 4 3 2 1 28 31 30 29 0 10 43 58 67 (61965) Elapsed time: 0.175044 s
3 4 5 7 6 8 9 11 12 13 14 15 18 19 16 17 20 21 25 27 26 22 23 24 47 46 45 44 43 39 40 41 42 48 49 51 54 50 52 57 53 58 59 61 62 63 60 56 55 68 69 80 81 82 90 88 89 86 85 84 83 77 73 76 74 75 67 66 65 64 95 93 92 94 91 87 72 71 70 79 78 38 37 35 36 34 33 32 10 2 1 0 28 31 30 29 3 (65275) Elapsed time: 0.171438 s
54 50 51 49 42 48 41 40 39 38 33 34 37 36 35 31 30 29 28 0 1 2 3 4 5 7 6 8 9 11 12 13 14 15 16 19 18 17 20 21 25 27 26 22 23 24 47 46 45 44 43 32 10 55 56 68 69 58 59 61 60 62 63 65 66 67 64 93 92 91 77 76 75 74 72 71 70 73 83 84 85 87 88 89 86 90 82 81 80 78 79 94 95 57 53 52 54 (65731) Elapsed time: 0.168749 s
22 23 24 53 57 59 60 61 62 63 66 67 65 64 27 26 25 21 20 19 16 18 17 15 14 13 12 11 9 8 6 7 5 4 3 2 1 28 31 30 29 0 35 36 37 34 33 43 44 32 10 45 47 46 52 51 49 48 42 41 40 39 38 50 54 55 56 68 69 80 81 82 90 89 86 85 84 83 73 72 71 70 74 76 75 92 93 95 94 91 77 87 88 79 78 58 22 (62152) Elapsed time: 0.174505 s
45 43 44 32 33 34 37 35 36 31 30 29 28 0 1 2 4 7 6 5 3 8 9 11 12 13 14 15 16 19 18 17 20 24 23 22 21 25 27 26 63 65 66 67 64 95 93 92 91 94 76 75 74 72 71 70 60 61 62 59 58 57 56 55 68 69 80 81 82 90 87 77 85 84 83 73 89 88 86 78 79 50 54 51 49 48 42 41 40 39 38 10 46 47 52 53 45 (66235) Elapsed time: 0.17601 s
33 34 37 36 35 31 30 29 28 0 1 2 3 4 5 7 6 8 9 11 12 13 14 15 16 19 18 17 20 21 25 26 27 64 63 67 66 65 93 92 91 94 95 60 61 62 59 58 57 53 52 51 49 48 42 41 40 39 38 50 54 55 56 68 69 80 81 82 90 89 88 86 85 84 83 73 72 71 70 74 75 76 77 87 79 78 32 43 44 45 47 46 24 23 22 10 33 (64281) Elapsed time: 0.272674 s
80 81 82 90 89 88 87 85 84 83 73 74 72 71 70 76 75 93 92 91 94 95 64 63 67 66 65 61 62 60 59 58 57 53 46 47 45 42 48 41 40 39 38 37 36 35 31 30 29 0 28 1 2 3 4 5 7 6 8 9 11 12 13 14 15 16 19 18 17 20 21 25 27 26 22 23 24 10 33 34 43 44 32 49 51 52 54 50 68 55 56 69 86 77 79 78 80 (65078) Elapsed time: 0.270607 s
12 13 14 15 16 17 18 19 20 26 27 25 21 22 23 24 47 46 45 44 43 32 33 34 35 36 37 38 39 40 41 42 48 50 51 49 52 57 53 59 60 61 62 63 65 66 67 64 95 93 92 91 94 73 77 76 75 72 71 70 58 56 55 54 68 69 80 81 82 90 89 88 87 86 85 84 83 74 79 78 31 30 29 28 0 1 2 3 4 5 7 6 8 11 9 10 12 (64952) Elapsed time: 0.172861 s
48 42 41 40 39 38 34 33 31 30 29 28 0 36 35 37 43 44 45 49 51 52 53 57 58 59 61 60 62 63 65 67 66 75 74 72 73 83 84 85 77 87 88 89 86 81 80 82 90 79 78 54 50 55 56 68 69 70 71 76 91 92 93 94 95 64 27 26 25 21 22 23 24 47 46 32 10 11 9 8 5 7 6 4 3 1 2 12 13 14 15 18 19 17 16 20 48 (66157) Elapsed time: 0.167979 s
66 67 65 63 62 61 60 59 58 57 55 56 69 68 70 71 72 74 75 76 77 84 83 85 86 89 88 87 91 94 92 93 95 64 26 27 25 22 23 24 46 47 45 44 43 32 35 36 37 38 39 40 41 42 48 49 51 50 54 52 53 21 20 18 19 16 17 15 14 12 13 11 9 8 6 5 7 4 3 2 1 28 29 30 31 0 34 33 10 78 79 90 82 81 80 73 66 (64928) Elapsed time: 0.214737 s
94 91 76 75 74 73 83 84 85 86 89 88 87 77 72 71 70 61 62 63 65 66 67 60 59 58 57 53 54 50 51 49 48 42 41 40 39 38 37 34 33 32 43 44 45 46 47 52 56 55 68 69 81 80 82 90 79 78 35 36 31 30 29 28 0 1 2 3 4 5 7 6 8 9 11 12 13 14 15 16 19 18 17 20 21 25 27 26 22 23 24 10 64 95 93 92 94 (62892) Elapsed time: 0.218491 s
65 63 61 62 59 60 58 57 53 56 55 68 69 81 80 82 84 85 83 73 72 71 70 74 75 67 66 64 26 27 25 21 20 16 19 18 17 24 23 22 47 46 45 49 51 52 54 50 40 39 38 37 36 35 31 30 29 0 28 1 2 3 4 5 7 6 8 9 11 12 13 14 15 10 44 43 33 34 32 41 48 42 78 79 90 89 86 88 87 77 76 91 92 94 93 95 65 (63198) Elapsed time: 0.168002 s
21 20 18 17 19 16 15 14 12 13 11 9 8 6 5 7 4 3 2 1 28 30 31 29 0 35 36 37 34 33 32 43 44 41 42 48 49 52 51 54 50 40 39 38 78 79 90 82 81 80 69 68 55 56 57 53 59 58 60 61 62 63 65 67 66 75 74 72 71 70 73 83 84 85 86 89 88 87 77 91 92 94 76 93 95 64 26 27 25 22 23 24 47 46 45 10 21 (61168) Elapsed time: 0.27178 s
43 32 44 39 40 41 42 48 49 51 50 54 56 55 57 53 47 46 45 52 68 69 58 59 61 62 63 65 66 67 64 27 26 25 21 20 19 18 16 17 15 14 13 12 11 9 8 6 5 7 4 3 1 2 0 28 29 30 31 36 35 37 34 33 38 78 79 81 80 82 90 89 88 86 85 84 77 87 91 92 93 95 94 76 75 74 73 83 72 71 70 60 22 23 24 10 43 (64047) Elapsed time: 0.16985 s
22 23 24 47 46 45 44 43 32 33 34 35 36 37 38 39 40 41 42 48 49 51 54 50 52 53 57 58 59 60 61 62 63 65 66 67 64 95 94 91 92 93 75 76 74 72 71 70 73 84 85 86 87 77 83 81 80 82 90 89 88 79 78 68 69 55 56 25 27 26 21 20 18 17 16 19 15 14 13 12 11 9 8 6 5 7 4 3 2 1 0 29 30 31 28 10 22 (63934) Elapsed time: 0.227397 s
38 39 40 41 42 48 49 51 52 54 50 53 57 56 55 68 69 81 80 82 86 87 77 83 84 85 73 72 74 75 76 71 70 58 59 60 61 62 63 65 67 66 64 27 26 25 21 20 18 17 16 19 15 14 13 12 11 9 8 6 7 5 4 3 1 2 0 36 35 31 30 29 28 33 34 37 32 43 44 45 46 47 24 23 22 92 93 95 94 91 88 89 90 79 78 10 38 (66172) Elapsed time: 0.195961 s
72 74 71 70 75 76 66 67 65 63 62 61 60 59 58 56 55 68 69 81 80 82 90 89 88 86 87 84 85 83 73 77 91 92 93 94 95 64 26 27 25 21 20 19 18 17 16 15 14 12 13 11 9 8 5 7 6 4 3 2 1 10 32 43 44 45 46 47 53 57 52 54 50 51 49 48 42 41 40 39 38 37 36 35 31 30 29 0 28 33 34 24 23 22 78 79 72 (65622) Elapsed time: 0.172642 s
81 80 82 90 89 88 86 87 77 84 85 83 73 72 71 70 74 75 76 91 94 95 64 27 26 25 21 22 23 24 47 46 45 48 42 41 40 39 38 37 36 35 31 30 29 28 0 1 2 3 4 5 7 6 8 11 9 12 13 14 15 16 19 18 17 20 10 32 33 34 43 44 52 54 50 51 49 53 57 55 56 68 69 78 79 58 59 61 62 63 65 67 66 93 92 60 81 (65638) Elapsed time: 0.17852 s
74 75 76 77 85 84 83 86 89 88 87 73 72 71 70 60 61 62 63 65 67 66 93 92 91 94 95 64 27 26 25 21 20 17 18 19 16 15 14 13 12 11 9 8 6 5 7 4 3 2 1 28 30 31 29 0 32 43 44 45 46 47 52 54 51 50 48 42 41 40 39 38 37 34 36 35 33 10 22 23 24 59 57 53 58 56 55 68 69 80 82 81 90 79 78 49 74 (66067) Elapsed time: 0.176617 s
73 83 84 85 77 87 86 89 88 90 82 81 80 69 68 56 55 57 53 52 51 54 50 42 48 49 46 47 24 23 22 25 27 26 64 62 61 60 59 58 70 71 72 74 75 76 91 92 93 94 95 65 66 67 63 21 20 18 17 19 16 15 14 13 12 11 9 8 7 5 6 4 3 2 1 28 29 30 31 36 35 34 33 32 43 44 45 10 0 37 38 40 41 39 78 79 73 (64023) Elapsed time: 0.173351 s
81 80 82 90 89 88 87 86 85 84 83 77 73 74 72 71 70 58 55 56 68 69 54 50 46 47 24 23 22 21 25 27 26 64 95 93 94 92 91 76 75 67 66 65 63 62 61 60 59 53 57 52 51 49 48 42 41 40 39 38 43 32 33 34 36 35 37 31 30 29 28 1 2 0 3 4 5 7 6 8 9 11 12 13 14 15 16 19 18 17 20 10 45 44 79 78 81 (65438) Elapsed time: 0.165983 s
31 30 29 28 0 1 2 3 4 5 7 6 8 9 11 12 13 14 15 19 18 17 16 20 21 25 23 22 24 47 46 45 49 51 54 50 40 41 42 48 39 38 37 34 33 32 43 44 10 52 53 57 58 70 71 72 74 75 76 77 84 83 85 87 86 88 89 90 82 81 80 69 68 56 55 60 61 62 63 65 67 66 93 92 91 94 95 64 26 27 59 73 79 78 35 36 31 (64816) Elapsed time: 0.168371 s
7 5 4 3 6 8 9 11 12 13 14 15 17 16 19 18 20 21 25 27 64 95 93 92 91 94 88 89 86 77 87 85 84 83 73 74 76 75 72 71 70 60 61 62 63 65 67 66 58 59 57 53 52 51 54 50 49 45 46 47 24 23 22 26 56 55 68 69 80 81 82 90 79 78 38 39 40 41 42 48 43 32 33 34 37 36 35 31 30 29 28 0 1 2 44 10 7 (64945) Elapsed time: 0.249314 s
50 54 51 52 49 48 42 41 40 39 38 33 34 37 36 35 31 30 29 0 28 1 2 3 4 5 6 7 8 9 11 12 13 14 15 18 19 16 17 20 21 25 27 26 23 22 24 47 46 45 44 43 32 10 53 57 59 58 60 61 62 63 65 66 67 70 71 72 74 75 76 73 83 84 85 86 88 89 90 82 81 80 69 68 55 56 87 77 91 92 93 94 95 64 79 78 50 (64357) Elapsed time: 0.201431 s
53 57 52 54 50 51 49 48 42 41 40 39 38 37 36 35 34 33 32 43 44 45 46 47 24 23 22 21 25 27 26 20 19 18 17 16 15 14 13 12 11 9 8 6 5 7 4 3 1 2 0 29 30 31 28 10 68 56 55 58 59 60 61 62 63 65 67 66 64 95 93 92 91 94 75 76 74 72 71 70 73 77 87 85 84 83 86 90 89 88 82 80 81 69 78 79 53 (65431) Elapsed time: 0.174526 s
41 42 48 40 39 38 43 44 33 34 37 35 36 31 30 29 28 0 1 2 3 4 5 7 6 8 9 11 12 13 14 15 16 19 18 17 20 21 25 22 23 24 26 27 64 61 62 63 65 66 67 60 59 58 56 55 68 69 81 80 82 90 89 88 86 87 77 85 84 83 73 74 72 71 70 75 76 91 93 92 94 95 79 78 54 51 50 49 52 57 53 47 46 45 10 32 41 (64928) Elapsed time: 0.229244 s
60 61 62 63 65 67 66 64 27 26 25 21 20 18 17 16 19 15 14 13 12 11 9 8 6 7 5 4 3 2 1 28 0 29 30 31 35 36 37 34 33 43 44 32 10 24 23 22 47 46 45 49 51 52 54 50 56 55 68 69 80 81 82 90 89 88 86 87 85 84 83 73 71 70 72 74 75 76 77 91 92 93 94 95 79 78 40 39 38 42 48 41 53 57 58 59 60 (64220) Elapsed time: 0.278394 s
36 35 31 30 29 0 28 33 34 37 38 39 40 41 42 48 51 54 50 52 49 45 10 14 13 12 11 9 8 6 7 5 4 3 2 1 32 43 44 55 56 58 59 60 61 62 63 65 66 67 93 92 91 94 95 64 26 27 25 21 20 18 17 19 16 15 22 23 24 47 46 53 57 68 69 81 80 82 90 89 88 86 87 85 84 83 73 74 72 70 71 75 76 77 78 79 36 (65540) Elapsed time: 0.219019 s
10 8 9 11 12 13 14 15 16 19 18 17 20 21 25 27 26 23 22 24 47 46 45 44 43 32 33 34 35 36 37 39 38 40 41 42 48 49 51 50 54 52 57 55 56 68 69 80 81 82 90 89 88 86 87 77 85 84 83 73 74 75 76 93 92 91 94 95 64 65 67 66 63 62 61 60 59 58 53 70 71 72 78 79 0 29 30 31 28 1 2 3 4 5 7 6 10 (63749) Elapsed time: 0.165308 s
70 71 72 74 75 76 91 92 93 94 95 64 63 62 61 60 59 58 57 53 23 22 24 46 47 45 44 48 42 41 40 39 38 43 32 33 34 37 35 36 31 30 29 28 0 1 2 3 4 5 7 6 8 9 11 12 13 14 15 17 18 19 16 20 21 25 26 27 65 66 67 69 68 56 55 50 54 51 52 49 10 78 79 82 81 80 90 89 88 87 77 84 85 83 86 73 70 (64492) Elapsed time: 0.171222 s
48 42 41 40 39 38 33 34 36 35 31 30 29 28 0 32 43 44 45 46 47 53 57 58 55 56 68 69 80 81 82 90 89 88 86 87 77 85 84 83 73 74 75 76 91 92 93 94 95 64 27 26 25 21 20 16 19 18 17 15 14 13 12 11 9 8 6 7 5 4 3 2 1 10 49 51 52 54 50 37 78 79 72 71 70 60 61 62 63 67 66 65 23 22 24 59 48 (65634) Elapsed time: 0.173449 s
60 61 62 63 66 67 65 64 26 27 25 21 22 23 24 53 46 47 45 49 52 54 50 51 48 42 41 40 39 38 37 34 33 36 35 31 30 29 28 0 1 2 3 4 5 7 6 8 9 11 12 13 14 15 16 19 18 17 20 10 44 32 43 68 69 80 81 82 90 89 88 86 85 84 83 73 72 71 70 74 75 76 91 92 93 95 94 77 87 79 78 59 58 57 55 56 60 (65800) Elapsed time: 0.227294 s
56 55 68 69 80 81 82 86 88 89 90 79 78 50 51 54 52 49 48 41 42 40 39 38 37 36 35 31 30 29 28 32 43 44 45 46 47 53 57 59 58 60 61 62 63 65 67 66 71 70 72 74 75 76 85 84 83 73 77 87 91 92 93 95 94 64 27 26 25 21 20 19 18 17 16 15 14 13 12 11 9 8 6 7 5 4 3 2 1 0 34 33 10 24 23 22 56 (63725) Elapsed time: 0.168874 s
56 55 68 69 80 81 82 90 89 88 86 87 84 83 85 77 73 74 72 71 70 75 76 91 94 92 93 95 64 66 67 65 63 62 61 60 59 58 57 53 47 46 45 49 48 42 41 40 39 38 37 34 33 35 36 30 29 31 0 28 1 2 3 4 5 7 6 8 9 11 13 12 14 15 18 17 16 19 20 21 25 27 26 22 23 24 54 50 51 52 44 43 32 10 79 78 56 (62497) Elapsed time: 0.172661 s
84 85 83 73 77 87 88 89 86 90 82 81 80 69 68 58 71 70 72 74 75 76 93 92 91 94 95 66 67 65 63 62 61 60 59 57 53 52 51 54 50 49 48 42 41 40 39 38 37 34 33 32 43 44 45 46 47 24 23 22 21 25 64 26 27 20 19 18 17 16 15 14 13 12 11 9 8 4 3 1 2 6 7 5 10 28 0 29 30 31 35 36 78 79 56 55 84 (66021) Elapsed time: 0.177911 s
sredni czas: 0.197444 s