45 2 42 28 33 82 54 11 19 6 8 56 86 50 60 24 80 68 72 67 84 38 29 51 77 95 4 36 32 12 75 94 81 49 43 1 53 39 63 66 57 92 27 0 91 7 41 88 30 79 55 96 74 18 52 87 21 15 93 69 65 64 3 25 17 23 37 35 98 58 73 20 71 9 83 78 89 48 5 62 46 90 97 22 44 31 10 16 14 76 59 61 34 26 85 47 99 70 40 13 45 (24784) Elapsed time: 0.456541 s
83 9 89 48 5 62 0 91 7 41 88 30 79 55 96 74 18 52 87 15 21 93 69 65 64 3 25 17 78 23 37 35 98 71 20 73 58 14 16 10 31 90 97 22 44 59 76 61 85 26 11 34 19 6 8 56 86 50 60 24 80 68 63 39 53 1 43 49 72 67 84 29 95 77 51 4 36 32 12 75 94 81 38 47 99 70 40 13 2 42 45 28 33 82 54 57 66 27 92 46 83 (24351) Elapsed time: 0.379401 s
17 23 37 35 98 93 21 15 87 52 78 69 65 64 3 25 18 74 96 55 79 30 88 41 7 91 0 62 5 48 89 9 83 20 73 58 14 16 10 44 31 90 97 22 59 61 76 56 6 8 86 50 60 80 24 68 72 49 43 63 39 53 1 81 94 12 32 75 36 4 77 51 95 29 38 84 67 45 2 42 13 47 99 70 40 28 33 82 54 11 19 85 34 26 57 92 27 66 46 71 17 (25521) Elapsed time: 0.208625 s
7 41 88 30 79 55 96 74 18 3 64 65 25 69 21 93 87 15 52 78 17 23 37 35 98 73 20 71 83 9 89 48 5 62 46 10 16 14 58 31 90 97 22 44 59 76 61 19 11 26 85 34 56 6 8 86 50 60 24 80 68 63 39 53 1 43 49 72 67 84 38 29 95 77 51 4 36 75 12 32 94 81 70 40 99 47 13 2 42 45 28 33 82 54 57 66 27 92 0 91 7 (24267) Elapsed time: 0.361125 s
48 5 62 91 7 41 88 79 30 55 96 74 18 3 64 65 25 69 15 87 21 93 17 23 37 35 98 83 9 71 58 73 20 10 16 14 31 44 90 97 22 76 59 61 26 11 19 85 34 56 6 8 86 50 60 80 24 68 1 53 39 63 43 49 72 67 84 38 29 95 77 51 4 36 32 75 12 94 81 70 40 99 47 13 2 42 45 28 33 82 54 57 92 27 66 46 0 89 78 52 48 (25245) Elapsed time: 0.183978 s
13 99 47 51 77 95 4 36 12 75 32 94 81 49 72 67 84 38 29 33 82 54 11 19 85 26 34 61 76 59 22 97 90 44 31 10 14 16 73 20 58 71 83 9 89 5 48 62 0 91 7 41 88 30 79 55 96 74 18 52 87 15 21 93 69 65 64 3 25 78 17 23 37 35 98 46 92 27 66 57 60 24 80 68 63 39 53 1 43 8 6 56 86 50 45 2 42 40 70 28 13 (25495) Elapsed time: 0.254037 s
46 90 97 22 44 31 10 16 14 58 73 20 71 9 83 35 98 37 23 17 78 52 87 15 21 93 69 65 25 64 3 18 74 96 55 79 30 88 41 7 91 0 62 48 5 89 43 49 72 67 84 29 38 95 77 51 4 36 12 32 75 94 81 1 63 39 53 68 80 24 60 50 86 56 8 6 11 26 85 34 61 59 76 19 54 82 33 28 45 42 2 13 70 40 99 47 27 92 66 57 46 (25434) Elapsed time: 0.252532 s
52 18 74 96 55 30 79 88 41 7 91 5 48 89 9 83 71 20 73 58 14 16 10 31 44 90 97 22 76 59 61 34 85 26 11 19 56 8 6 86 50 60 24 80 49 43 1 53 39 63 68 72 67 84 38 29 51 77 95 4 36 32 75 12 94 81 82 54 33 28 45 42 2 13 40 70 99 47 57 92 27 66 0 62 46 35 98 37 23 17 78 87 15 21 93 69 65 64 3 25 52 (25172) Elapsed time: 0.186183 s
46 90 97 22 44 31 10 16 14 58 73 20 71 9 83 23 37 35 98 17 78 52 15 87 21 93 69 65 3 64 25 55 96 18 74 5 48 89 62 0 91 7 41 88 30 79 92 27 57 60 50 86 56 6 8 11 26 85 34 76 59 61 19 54 82 33 28 45 2 42 13 99 70 40 47 77 51 95 38 29 36 4 75 32 12 94 81 43 1 53 39 63 68 80 24 67 84 72 49 66 46 (25391) Elapsed time: 0.310104 s
83 9 89 5 48 62 0 91 7 41 88 30 79 55 96 74 18 52 87 15 21 93 69 65 64 3 25 78 17 23 37 35 98 71 20 73 58 16 14 10 31 90 97 22 44 46 92 27 66 57 80 24 60 50 86 56 19 11 26 85 34 61 59 76 8 6 54 82 33 42 2 45 28 13 99 40 70 47 29 38 95 77 51 4 36 32 75 12 94 81 1 43 49 72 68 63 39 53 67 84 83 (25486) Elapsed time: 0.309643 s
73 58 20 71 9 83 37 35 98 23 17 78 52 18 74 96 3 64 65 25 69 21 15 87 93 89 48 5 62 0 91 7 41 55 79 30 88 66 57 27 92 46 31 90 97 22 44 10 16 14 59 76 61 85 26 11 19 54 82 33 45 28 13 2 42 70 40 99 47 77 51 95 4 36 32 75 12 94 81 38 29 84 67 72 49 43 1 53 39 63 68 80 24 60 50 86 56 6 8 34 73 (25357) Elapsed time: 0.308074 s
17 78 52 18 74 96 55 79 30 88 41 7 91 5 48 89 9 83 37 23 98 35 71 20 73 58 14 16 10 31 44 90 97 22 59 76 61 19 11 26 85 34 6 8 56 86 50 60 24 80 68 63 39 53 1 43 49 72 67 84 38 95 77 51 4 36 32 75 12 94 81 29 47 99 70 40 13 2 42 45 28 33 54 82 57 92 27 66 0 62 46 3 64 65 25 69 21 15 87 93 17 (23979) Elapsed time: 0.312994 s
86 56 6 8 11 26 85 34 19 61 59 76 97 22 44 31 10 14 16 71 9 83 35 98 37 23 17 78 52 87 15 21 69 93 3 65 64 25 96 55 79 30 88 41 7 91 0 62 5 48 89 74 18 20 58 73 90 46 27 92 66 57 60 24 80 68 63 39 53 1 43 49 72 67 84 95 77 51 36 4 12 32 75 94 81 38 29 28 45 42 2 13 99 70 40 47 33 82 54 50 86 (25385) Elapsed time: 0.19471 s
77 51 95 4 36 12 32 75 94 81 1 53 39 63 43 49 72 67 84 38 29 28 45 2 42 13 47 99 70 40 82 54 11 26 85 34 61 59 76 22 97 90 44 31 10 14 16 58 73 20 71 9 83 23 37 35 98 17 78 52 15 87 21 93 69 65 64 3 25 96 55 79 30 88 41 7 91 0 46 62 48 5 89 18 74 66 57 27 92 50 60 24 80 68 86 56 6 8 19 33 77 (25448) Elapsed time: 0.310975 s
42 45 28 2 13 47 99 70 40 95 77 51 4 36 32 75 12 94 81 43 72 68 80 24 60 50 86 8 6 56 19 11 26 85 34 61 59 76 22 97 90 44 31 10 16 14 73 58 20 71 9 83 78 52 18 96 55 79 30 88 41 7 91 0 62 5 48 89 74 3 65 64 25 69 21 87 15 93 17 23 37 35 98 46 66 27 92 57 63 39 53 1 49 67 84 38 29 33 54 82 42 (24527) Elapsed time: 0.1932 s
86 50 60 24 80 68 72 49 43 63 39 53 1 81 94 12 75 32 36 4 95 77 51 47 13 28 45 2 42 40 70 99 29 38 84 67 33 82 54 11 26 85 34 61 59 76 22 97 90 44 31 10 16 14 58 73 20 71 35 98 37 23 17 78 52 15 87 21 93 69 3 64 65 25 55 79 30 88 41 7 91 0 62 5 48 89 9 83 18 74 96 66 57 92 27 46 19 56 6 8 86 (24802) Elapsed time: 0.336949 s
56 6 8 86 50 60 24 80 68 63 39 53 1 43 72 49 67 84 38 29 95 77 51 4 36 12 75 32 94 81 47 13 99 70 40 42 2 45 28 33 82 54 11 26 85 34 61 59 76 22 97 90 44 31 10 14 16 58 73 20 71 9 83 89 48 5 62 91 7 41 88 30 79 55 96 74 18 52 78 17 23 37 35 98 93 21 15 87 69 65 64 3 25 46 0 92 27 57 66 19 56 (24575) Elapsed time: 0.313729 s
49 43 72 63 39 53 1 81 94 75 12 32 36 4 51 77 95 38 29 47 13 99 70 40 2 42 45 28 33 82 54 11 26 85 34 61 59 76 22 97 90 44 14 16 10 73 58 20 71 83 9 89 48 5 62 0 91 7 41 88 30 79 55 96 74 18 3 64 65 25 69 93 21 15 87 52 78 17 37 23 35 98 46 31 27 92 66 57 60 24 80 50 86 8 6 56 19 68 67 84 49 (24217) Elapsed time: 0.251839 s
35 98 37 23 17 78 52 87 15 21 93 69 65 64 3 25 18 74 55 96 79 30 88 41 7 91 5 48 89 9 83 71 20 73 58 10 14 16 31 44 90 97 22 59 61 76 19 11 26 85 34 54 82 33 45 42 2 28 13 99 70 40 47 29 38 77 51 95 4 36 32 75 12 94 81 1 53 39 63 68 80 24 60 50 86 8 6 56 49 43 72 67 84 66 27 92 57 0 62 46 35 (24985) Elapsed time: 0.305266 s
45 28 42 2 13 99 70 40 47 51 77 95 38 29 36 4 81 94 75 12 32 49 72 43 1 53 39 63 68 24 80 60 50 86 8 6 56 19 11 26 85 34 61 59 76 46 90 97 22 44 31 10 14 16 58 73 20 71 35 98 37 23 83 9 89 48 5 62 91 7 30 79 88 41 55 96 74 18 3 64 65 25 69 21 15 87 93 78 17 52 0 27 92 57 66 67 84 33 54 82 45 (25482) Elapsed time: 0.137878 s
62 5 48 89 9 83 71 20 73 58 16 14 10 31 44 90 97 22 59 76 61 19 85 26 34 11 6 8 56 86 50 60 24 80 68 63 39 53 1 43 49 72 67 84 29 95 77 51 4 36 32 12 75 94 81 38 47 99 70 40 13 2 42 45 28 33 82 54 57 66 92 27 0 91 7 41 88 30 79 55 96 3 64 65 25 69 87 15 21 93 17 78 52 18 74 46 98 35 37 23 62 (24543) Elapsed time: 0.312437 s
39 63 53 1 43 49 72 67 84 38 29 28 2 45 42 13 70 40 99 47 51 77 95 4 36 32 75 12 94 81 97 90 22 44 31 16 14 10 58 73 20 71 9 83 35 98 37 23 17 78 52 15 87 21 93 69 65 64 3 25 55 96 74 18 89 5 48 62 46 0 91 7 41 30 79 88 66 27 92 57 60 50 86 8 6 56 19 11 26 85 34 61 59 76 54 82 33 24 80 68 39 (25159) Elapsed time: 0.314444 s
82 54 33 11 19 85 26 34 61 59 76 22 97 90 44 31 10 14 16 58 73 20 71 9 83 23 37 35 98 17 78 52 87 15 21 93 69 65 64 3 25 96 74 18 89 62 5 48 91 7 41 88 30 79 55 46 0 27 92 66 57 50 86 56 8 6 28 45 2 42 13 70 40 99 47 29 38 95 77 51 4 36 32 75 12 94 81 43 49 1 39 53 63 68 80 24 60 67 84 72 82 (24976) Elapsed time: 0.246554 s
80 24 57 50 86 8 6 56 19 11 26 85 34 61 59 76 97 22 90 44 31 10 14 16 73 20 71 9 83 37 23 17 78 52 87 15 21 93 69 25 64 65 3 96 55 79 30 88 41 7 91 0 62 5 48 89 74 18 98 35 58 46 27 92 66 63 39 53 1 43 49 72 67 84 29 38 95 77 51 4 36 32 12 75 94 81 47 99 70 40 13 2 42 45 28 33 82 54 60 68 80 (25141) Elapsed time: 0.260652 s
60 50 86 56 8 6 19 26 85 34 61 59 76 22 97 90 44 31 10 16 14 58 20 73 71 9 83 35 98 37 23 17 78 52 87 15 21 93 69 65 64 3 25 18 74 96 55 79 30 88 41 7 91 0 62 5 48 89 46 27 92 66 57 80 24 68 63 39 53 1 43 49 72 67 84 29 38 95 77 51 4 36 94 81 75 32 12 70 40 99 47 13 2 42 33 82 54 11 45 28 60 (24922) Elapsed time: 0.285049 s
3 64 65 25 69 21 15 87 93 17 23 37 98 35 83 9 71 20 73 58 16 14 10 31 44 90 97 22 46 62 5 48 89 78 52 18 74 96 55 79 30 88 41 7 91 0 92 27 57 60 50 86 8 6 56 11 26 85 34 61 59 76 19 54 82 33 28 45 2 42 70 40 99 47 13 29 95 77 51 4 36 32 12 75 94 81 49 72 67 84 38 43 1 53 39 63 68 80 24 66 3 (23926) Elapsed time: 0.407777 s
57 27 92 66 24 80 68 63 39 53 1 43 49 72 67 84 38 29 95 77 51 4 36 12 32 75 94 81 47 70 40 99 13 2 42 45 28 33 82 54 11 19 85 26 34 61 59 76 22 97 90 44 31 14 16 10 58 73 20 71 46 0 91 7 88 41 79 30 55 96 74 18 52 78 87 15 21 93 69 65 64 3 25 17 23 37 98 35 83 9 89 48 5 62 60 50 86 8 6 56 57 (24853) Elapsed time: 0.199082 s
67 72 49 43 1 53 39 63 68 80 24 60 50 86 56 6 8 26 85 34 61 59 76 22 97 90 44 31 10 14 16 58 73 20 71 9 83 23 37 35 98 78 17 15 21 93 87 69 65 64 3 25 91 7 41 88 30 79 55 96 74 18 52 89 48 5 62 0 27 92 57 66 46 19 11 82 54 33 28 45 2 42 70 40 99 13 47 29 77 51 95 4 36 32 75 12 94 81 38 84 67 (24518) Elapsed time: 0.323091 s
15 87 21 93 69 65 64 3 25 18 52 78 17 23 37 35 98 83 9 71 20 73 58 44 31 10 14 16 90 97 22 76 59 61 85 34 26 11 19 6 8 56 82 54 33 45 2 42 28 13 70 40 99 47 77 51 95 4 36 32 75 12 94 81 1 63 39 53 43 49 72 67 84 29 38 68 60 80 24 50 86 57 27 92 66 0 91 7 41 88 30 79 55 96 74 89 5 48 62 46 15 (25456) Elapsed time: 0.132441 s
92 27 66 57 60 50 86 56 8 6 11 26 85 34 19 82 54 33 28 13 2 45 42 40 70 99 47 29 38 95 77 51 4 36 32 75 12 94 81 43 72 49 68 80 24 67 84 1 53 63 39 0 62 5 48 89 9 83 37 23 17 78 52 18 96 55 79 30 88 41 7 91 74 3 64 65 25 69 21 93 15 87 98 35 71 20 73 58 16 14 10 31 90 97 22 44 59 61 76 46 92 (25245) Elapsed time: 0.321361 s
47 13 70 40 99 42 2 45 28 33 82 54 11 26 85 19 56 8 6 86 50 60 24 80 68 63 39 53 1 43 49 72 67 84 29 38 95 77 51 4 36 32 75 12 94 81 57 66 27 92 46 90 97 22 44 31 10 16 14 58 73 20 71 9 83 35 98 37 23 17 78 87 15 21 93 69 25 65 64 3 96 74 18 52 89 48 5 62 0 91 7 41 88 79 30 55 76 59 61 34 47 (25231) Elapsed time: 0.251252 s
72 49 43 1 63 39 53 68 80 24 50 86 56 8 6 11 19 85 26 34 61 59 76 22 97 90 44 31 10 14 16 58 73 20 71 83 9 89 48 5 62 0 91 7 41 88 30 79 55 96 74 18 52 78 87 15 21 93 65 64 3 25 69 37 23 17 98 35 46 57 92 27 66 60 33 82 54 28 13 2 42 45 70 40 99 47 29 51 77 95 4 36 12 32 75 94 81 38 84 67 72 (25127) Elapsed time: 0.312454 s
58 73 20 71 9 83 35 98 37 23 17 78 52 18 74 96 3 64 65 25 69 21 15 87 93 89 48 5 62 0 91 7 41 88 30 79 55 39 53 63 68 80 24 60 50 86 56 6 8 19 85 26 11 54 82 33 45 2 13 99 70 40 47 29 38 95 77 51 4 36 12 75 32 94 81 1 43 49 72 67 84 28 42 34 61 76 59 22 97 90 44 31 10 14 16 46 92 27 66 57 58 (25494) Elapsed time: 0.258348 s
11 26 85 34 61 59 76 22 97 90 44 31 10 16 14 58 73 20 71 9 83 89 48 5 62 0 91 7 30 79 88 41 55 96 74 18 3 65 64 25 69 21 15 87 93 52 78 17 23 37 35 98 46 27 92 66 57 60 80 24 50 86 56 8 6 54 82 33 28 45 42 2 13 99 70 40 47 38 95 77 51 4 36 32 75 12 94 81 1 53 39 63 43 49 67 84 29 68 72 19 11 (24738) Elapsed time: 0.257442 s
53 39 63 68 60 80 24 50 86 56 6 8 11 26 85 34 61 59 76 19 82 54 33 45 28 2 42 13 70 40 99 47 29 38 95 77 51 4 36 12 75 32 94 81 1 43 72 49 67 84 57 92 27 66 0 91 7 41 88 30 79 55 96 74 18 52 78 17 23 37 35 98 83 9 71 73 20 58 16 14 10 31 44 22 97 90 46 62 48 5 89 15 87 21 93 69 65 64 3 25 53 (25242) Elapsed time: 0.323314 s
33 45 2 42 70 40 99 47 13 28 29 38 95 77 51 4 36 12 32 75 94 81 43 72 49 84 67 39 53 1 63 68 80 24 60 50 86 56 6 8 11 26 85 34 61 59 76 22 97 90 44 31 10 14 16 73 20 71 9 83 37 23 17 78 52 15 87 93 21 69 65 64 3 25 18 74 96 55 79 30 41 88 7 91 0 62 5 48 89 98 35 58 46 27 92 66 57 19 82 54 33 (24801) Elapsed time: 0.374285 s
98 35 37 23 17 78 52 18 74 91 0 62 5 48 89 9 83 71 20 73 58 10 16 14 31 44 90 97 22 59 61 76 26 85 11 54 82 33 28 45 2 42 70 40 99 13 47 29 38 95 77 51 4 36 32 75 12 94 81 1 43 49 72 68 80 24 60 50 86 6 8 56 34 19 67 84 39 63 53 66 27 92 57 46 7 41 88 30 79 55 96 3 64 65 25 69 21 15 87 93 98 (25007) Elapsed time: 0.259001 s
70 40 99 47 13 2 45 28 33 54 82 11 26 85 34 61 59 76 22 97 90 44 31 10 16 14 58 73 20 71 9 83 35 98 37 23 17 78 52 87 15 21 93 69 64 3 65 25 96 55 30 79 88 41 7 91 0 46 62 5 48 89 18 74 66 57 92 27 68 72 49 43 1 63 39 53 81 94 32 75 12 36 4 51 77 95 29 38 84 67 24 80 60 50 86 56 6 8 19 42 70 (24287) Elapsed time: 0.254698 s
5 48 89 78 17 23 37 35 98 83 9 71 20 73 58 16 14 10 31 44 90 97 22 76 59 61 34 85 26 11 19 56 6 8 86 50 60 24 80 68 63 39 53 1 43 49 72 67 84 29 38 95 77 51 4 36 32 75 12 94 81 42 45 2 13 99 70 40 47 28 33 82 54 57 66 0 62 91 7 41 88 30 79 55 96 74 18 3 64 65 25 69 21 93 15 87 52 27 92 46 5 (25177) Elapsed time: 0.259907 s
83 71 20 73 58 14 16 10 31 90 97 22 44 59 61 76 19 11 26 85 34 56 6 8 86 50 60 24 80 63 39 53 1 43 49 72 67 84 38 95 77 51 4 36 12 75 32 94 81 29 47 99 70 40 13 2 42 45 28 33 82 54 68 57 66 27 92 0 62 5 48 89 9 46 91 7 41 88 30 79 55 96 74 18 52 78 17 23 37 35 98 93 21 15 87 69 65 64 3 25 83 (25386) Elapsed time: 0.364896 s
57 66 27 92 86 50 60 24 80 68 63 39 53 1 43 49 72 67 84 38 29 95 77 51 4 36 12 75 32 94 81 70 40 99 47 13 2 42 45 28 33 54 82 11 26 85 34 56 8 6 19 61 59 76 22 97 90 31 10 16 14 44 71 9 83 58 20 73 35 98 37 23 17 78 52 87 93 15 21 69 65 3 64 25 74 96 55 79 30 88 41 7 91 0 62 5 48 89 18 46 57 (25504) Elapsed time: 0.313658 s
82 54 11 26 85 34 61 59 22 97 90 44 31 10 14 16 58 73 20 71 9 83 35 98 23 37 17 78 52 18 3 64 65 25 69 21 15 87 93 89 74 96 55 79 30 88 41 7 91 0 62 5 48 46 92 27 66 57 60 50 86 56 6 8 19 33 28 45 2 42 13 70 40 99 47 29 38 95 77 51 4 36 12 75 32 94 81 1 43 49 72 67 84 80 24 68 63 39 53 76 82 (24700) Elapsed time: 0.490284 s
50 86 8 6 56 19 11 26 85 34 61 59 76 22 97 90 44 31 10 16 14 58 20 73 71 83 9 35 98 37 23 17 78 89 5 48 62 0 91 7 41 88 79 30 55 96 74 18 52 87 15 21 93 69 65 64 3 25 46 27 92 66 57 60 24 80 68 72 43 49 67 84 38 29 47 99 70 40 13 2 42 45 28 33 82 54 63 39 53 1 81 94 12 32 75 36 4 95 77 51 50 (25274) Elapsed time: 0.253909 s
21 15 87 93 78 52 18 74 96 55 79 30 88 41 7 91 0 62 5 48 89 9 83 37 23 17 98 35 71 20 73 58 14 16 10 31 44 90 97 22 76 61 59 34 85 26 11 19 56 6 8 86 50 60 24 80 68 63 39 53 1 43 49 72 67 84 38 29 45 2 42 28 13 70 40 99 47 51 77 95 4 36 32 75 12 94 81 33 82 54 46 27 92 57 66 65 3 64 25 69 21 (25454) Elapsed time: 0.248103 s
8 56 86 50 60 24 80 68 63 39 53 1 43 49 72 67 84 38 29 51 77 95 4 36 32 75 12 94 81 13 70 40 99 47 28 45 42 2 82 54 33 11 19 26 85 34 61 59 76 22 97 90 44 31 10 16 14 58 73 20 71 9 83 35 98 37 23 17 78 52 87 15 21 93 69 65 64 3 25 96 55 79 30 88 41 7 91 0 46 62 5 48 89 18 74 27 92 57 66 6 8 (24221) Elapsed time: 0.241146 s
37 23 17 78 52 87 15 21 93 69 65 64 3 25 96 55 79 30 88 41 7 91 5 48 89 18 74 0 62 46 90 97 22 59 61 76 19 56 6 8 86 50 60 24 80 68 63 39 53 1 43 49 72 67 84 38 29 77 51 95 4 36 75 32 12 94 81 47 99 70 40 13 2 42 45 28 33 54 82 11 26 85 34 57 66 27 92 31 10 16 14 44 58 73 20 71 9 83 35 98 37 (24373) Elapsed time: 0.312942 s
52 78 17 23 37 98 35 83 9 71 73 20 58 10 14 16 31 44 90 97 22 76 59 61 34 85 26 19 11 54 82 33 28 45 42 13 47 99 70 40 2 29 38 95 51 77 4 36 32 12 75 94 81 1 63 39 53 68 72 49 43 67 84 80 24 60 50 86 56 6 8 66 92 27 57 46 0 62 48 5 91 7 41 88 30 79 55 96 3 64 65 25 93 87 15 21 69 18 74 89 52 (24343) Elapsed time: 0.193388 s
52 78 17 23 37 35 98 83 9 71 20 73 58 16 14 10 31 44 97 90 22 59 76 61 85 34 26 11 19 56 8 6 54 82 33 45 2 28 42 70 99 40 13 47 51 77 95 4 36 32 75 12 94 81 38 29 84 67 72 49 43 1 53 39 63 68 24 80 50 86 60 57 66 27 92 46 0 5 48 89 62 91 7 41 88 30 79 55 96 3 64 65 25 69 21 15 87 93 74 18 52 (23388) Elapsed time: 0.342077 s
40 70 99 47 13 2 45 28 33 82 54 11 6 8 56 19 85 26 34 61 59 76 22 97 90 44 31 10 16 14 58 73 20 71 9 83 35 98 37 23 17 78 52 15 87 93 21 69 65 64 3 25 18 74 5 48 89 91 7 41 88 30 79 55 96 0 62 46 27 92 57 66 80 24 60 50 86 67 84 38 29 51 77 95 4 36 32 75 12 94 81 49 43 1 53 39 63 68 72 42 40 (24450) Elapsed time: 0.323518 s
4 36 32 75 12 94 81 38 29 95 77 51 47 99 70 40 42 2 13 28 45 33 54 82 11 19 26 85 34 61 59 76 22 97 90 44 31 10 14 16 73 20 71 83 9 58 35 98 37 23 17 78 52 87 15 21 93 69 3 64 65 25 18 74 96 55 30 79 41 88 7 91 0 62 5 48 89 46 92 27 66 57 60 24 80 68 39 63 53 1 43 49 72 67 84 8 6 56 86 50 4 (24712) Elapsed time: 0.267127 s
13 47 99 70 40 2 45 28 33 54 82 11 26 85 34 61 59 76 22 97 90 44 31 14 16 73 20 71 9 83 37 23 17 78 52 18 3 64 65 25 69 21 15 87 93 98 35 58 10 46 62 5 48 89 74 96 55 79 30 88 41 7 91 0 92 27 66 57 60 50 86 8 6 56 19 68 63 39 53 1 43 49 72 67 84 38 29 51 77 95 36 4 32 75 12 94 81 24 80 42 13 (25295) Elapsed time: 0.394937 s
38 29 95 77 51 4 36 32 12 75 94 81 1 43 49 72 68 60 80 24 50 86 8 6 56 19 11 26 85 34 61 76 59 22 97 90 44 31 10 16 14 58 73 20 71 83 9 89 48 5 62 0 91 7 79 30 41 88 55 96 74 18 52 78 87 15 21 93 69 65 64 3 25 17 23 37 35 98 46 27 92 57 66 53 39 63 67 84 33 82 54 28 2 13 47 99 70 40 42 45 38 (25276) Elapsed time: 0.195596 s
51 77 95 29 38 84 67 72 49 53 39 63 68 80 24 60 50 86 8 6 56 19 85 26 34 61 76 59 22 97 90 44 31 10 14 16 20 73 58 71 9 83 35 98 17 23 37 78 52 87 15 21 93 69 25 65 64 3 96 55 79 30 88 41 7 91 0 74 18 89 5 48 62 46 27 92 57 66 1 43 81 94 12 32 75 36 4 47 99 70 40 13 2 42 45 28 33 54 82 11 51 (24896) Elapsed time: 0.335633 s
80 24 60 50 86 8 6 56 11 19 85 26 34 61 59 76 22 97 90 44 31 10 16 14 73 58 20 71 9 83 23 37 98 35 78 52 18 74 91 7 41 79 30 88 55 96 3 64 65 25 69 93 21 15 87 17 89 48 5 62 0 27 92 66 57 46 49 43 1 53 39 63 68 72 67 84 38 29 51 77 95 4 36 32 75 12 94 81 47 99 70 40 13 2 42 45 28 33 54 82 80 (25366) Elapsed time: 0.323065 s
41 88 30 79 55 96 3 64 65 25 69 21 15 87 93 17 23 37 35 98 58 73 20 71 9 83 78 52 18 74 89 48 5 62 91 7 0 92 27 66 57 46 31 10 16 14 44 22 97 90 76 59 61 26 85 34 19 11 54 82 33 28 45 2 42 40 70 99 47 13 29 38 95 77 51 4 36 32 75 12 94 81 49 43 1 63 39 53 68 24 80 60 50 86 56 6 8 67 84 72 41 (24859) Elapsed time: 0.320285 s
37 23 17 93 21 15 87 52 78 89 48 5 62 0 91 7 41 88 30 79 55 96 74 18 25 64 65 3 69 71 20 73 58 10 16 14 31 90 97 22 44 59 61 34 85 26 11 19 54 82 33 28 45 2 42 70 40 99 13 47 29 38 95 77 51 4 36 12 75 32 94 81 49 72 67 84 43 1 63 39 53 68 60 80 24 50 86 56 8 6 76 57 66 27 92 46 9 83 35 98 37 (24722) Elapsed time: 0.263755 s
69 21 93 87 15 52 18 74 96 55 79 30 88 41 7 91 0 62 5 48 89 78 17 23 37 35 98 71 20 73 58 16 14 10 31 90 97 22 44 59 61 76 19 11 26 85 34 82 54 33 45 2 42 13 99 70 40 47 95 77 51 4 36 12 32 75 94 81 49 72 67 84 38 29 28 6 8 56 86 50 60 24 80 68 39 63 53 1 43 66 57 27 92 46 9 83 3 64 65 25 69 (24844) Elapsed time: 0.375347 s
7 91 0 62 5 48 89 78 17 23 37 98 35 83 9 71 20 73 58 14 16 10 31 44 97 22 90 59 76 61 34 19 85 26 11 82 54 33 28 45 42 2 13 70 40 99 47 29 38 95 77 51 4 36 32 75 12 94 81 49 43 63 39 53 1 72 68 67 84 6 8 56 86 50 60 24 80 57 66 27 92 46 55 96 74 18 52 15 87 93 21 69 64 65 3 25 30 79 41 88 7 (24305) Elapsed time: 0.190812 s
78 17 23 37 98 35 20 73 58 16 14 10 31 44 90 97 22 59 76 61 34 85 26 11 19 82 54 33 45 2 42 28 13 70 40 99 47 51 77 95 4 36 12 32 75 94 81 67 84 29 38 49 72 43 1 53 39 63 68 80 24 60 50 6 8 56 86 57 66 27 92 46 62 5 48 89 18 74 52 15 87 93 21 69 65 64 3 96 55 79 30 88 41 7 91 0 9 83 71 25 78 (25523) Elapsed time: 0.185764 s
95 77 51 4 36 32 75 12 94 81 72 49 43 1 63 39 53 68 80 24 60 50 86 8 6 56 19 11 26 85 34 61 59 76 22 97 90 44 31 10 14 16 58 73 20 71 9 83 35 98 37 23 17 78 87 15 21 93 69 65 64 3 25 18 74 96 55 79 30 88 41 7 91 0 62 5 48 89 52 46 92 27 57 66 67 84 38 29 47 99 70 40 13 2 45 28 33 82 54 42 95 (24162) Elapsed time: 0.326581 s
9 83 35 98 37 23 17 78 52 93 21 15 87 69 65 64 3 25 18 74 96 55 79 30 88 41 7 91 0 5 62 48 89 71 20 73 58 10 16 14 31 44 22 97 90 46 92 27 66 57 50 86 8 6 56 19 85 34 61 59 76 11 26 54 82 33 28 45 2 42 13 70 40 99 47 29 38 95 77 51 4 36 32 12 75 94 81 1 39 53 63 67 84 68 72 49 43 80 24 60 9 (25144) Elapsed time: 0.321294 s
26 85 34 61 59 76 22 97 90 44 31 10 16 14 73 20 71 9 83 35 98 58 46 62 5 48 89 78 17 23 37 93 21 15 87 69 65 64 3 96 74 18 52 25 55 79 30 88 41 7 91 0 27 92 57 66 68 63 39 53 1 43 49 72 67 84 38 95 77 51 4 36 32 75 12 94 81 29 47 13 70 99 40 42 45 2 28 33 82 54 11 19 56 6 8 86 50 60 80 24 26 (24849) Elapsed time: 0.406909 s
84 67 38 29 95 77 51 4 36 32 75 12 94 81 49 43 1 63 39 53 72 68 80 24 60 50 86 56 6 8 82 54 33 45 2 13 40 70 99 47 28 42 34 85 26 11 19 61 59 76 22 97 90 44 31 10 16 14 20 73 58 37 23 17 78 52 87 15 21 93 69 64 65 3 25 18 74 96 55 30 79 41 88 7 91 0 62 5 48 89 9 83 35 98 71 46 27 92 57 66 84 (25199) Elapsed time: 0.272346 s
65 25 64 3 69 15 21 93 87 52 18 96 79 30 88 41 7 91 5 48 89 78 17 23 37 35 98 83 9 71 20 73 58 10 14 16 31 44 90 97 22 76 59 61 26 85 34 11 19 82 54 33 45 2 42 70 40 99 47 13 28 29 38 95 77 51 4 36 32 75 12 94 81 43 49 1 53 63 39 72 67 84 8 6 56 86 50 60 24 80 68 66 57 27 92 46 62 0 74 55 65 (24641) Elapsed time: 0.215281 s
66 27 92 57 24 80 60 50 86 8 6 56 11 19 34 61 59 76 97 90 44 31 10 14 16 58 73 20 71 9 83 35 98 37 23 17 78 52 87 15 21 93 69 64 65 3 25 96 55 79 30 88 41 7 91 0 62 5 48 89 74 18 46 22 85 26 54 82 33 45 2 42 13 70 40 99 47 51 77 95 4 36 32 75 12 94 81 1 53 39 63 43 49 72 67 84 38 29 28 68 66 (25060) Elapsed time: 0.255417 s
84 67 72 49 43 1 53 39 63 68 80 24 60 50 86 8 6 56 19 11 26 85 34 61 59 76 22 90 97 44 31 10 16 14 58 73 20 71 9 83 23 17 78 18 96 74 48 5 62 0 91 7 41 88 30 79 55 64 65 3 25 69 21 15 87 93 52 89 98 37 35 46 92 27 66 57 54 82 33 28 45 2 42 13 47 70 40 99 4 36 12 32 75 94 81 38 29 95 77 51 84 (25518) Elapsed time: 0.264437 s
48 5 62 0 91 7 41 88 30 79 55 96 3 64 65 25 69 21 15 87 93 17 78 52 18 74 89 9 83 35 37 23 98 44 90 97 22 76 59 61 34 85 26 11 19 56 6 8 86 50 60 24 80 68 63 39 53 1 43 49 72 67 84 38 29 77 51 95 4 36 12 32 75 94 81 47 99 70 40 13 2 42 45 28 33 82 54 57 66 27 92 46 71 20 58 73 14 16 10 31 48 (24754) Elapsed time: 0.440628 s
59 61 76 56 8 6 11 26 85 19 82 54 33 28 45 2 42 13 47 70 99 40 29 38 95 77 51 4 36 32 12 75 94 81 43 49 72 67 84 1 53 39 63 68 24 80 60 50 86 57 92 27 66 0 62 5 48 89 9 83 35 98 37 23 17 78 87 21 15 93 69 64 65 3 25 52 18 74 96 55 79 30 88 41 7 91 46 31 10 14 16 58 73 20 71 44 97 22 90 34 59 (25403) Elapsed time: 0.19696 s
51 77 95 4 36 32 75 12 94 81 38 29 49 72 67 84 80 24 60 50 86 56 6 8 82 54 33 28 2 42 45 13 99 70 40 47 34 85 26 11 19 61 59 76 22 97 90 44 31 10 16 14 58 73 20 71 9 83 35 98 37 23 17 78 87 15 21 93 69 64 65 25 3 96 55 79 30 88 41 7 91 74 18 52 89 48 5 62 0 46 92 27 66 57 68 63 39 53 1 43 51 (24652) Elapsed time: 0.366998 s
93 21 15 87 69 65 3 64 25 96 74 18 52 78 23 37 35 98 83 9 71 20 73 58 16 14 10 46 31 90 97 22 44 76 59 61 50 86 8 6 56 19 26 85 34 11 82 54 33 28 45 2 42 13 99 70 40 47 29 38 77 51 95 4 36 32 75 12 94 81 49 43 1 39 53 63 68 72 67 84 24 80 60 57 66 92 27 0 91 7 41 88 30 79 55 48 5 62 89 17 93 (24086) Elapsed time: 0.19459 s
49 43 1 53 63 39 68 67 84 72 81 94 12 32 75 36 4 77 51 95 38 29 13 70 40 99 47 28 45 2 42 33 54 82 11 26 85 34 19 56 8 6 50 86 60 24 80 57 66 27 92 0 91 7 41 88 30 79 55 96 74 18 52 78 87 15 21 93 69 65 64 3 25 17 23 37 35 98 58 73 20 71 83 9 89 48 5 62 46 16 14 10 31 44 90 97 22 59 61 76 49 (24976) Elapsed time: 0.248051 s
4 36 32 75 12 94 81 43 49 72 67 84 38 29 95 77 51 47 99 70 40 13 2 42 45 28 33 82 54 11 26 85 19 34 61 59 76 22 97 90 44 31 10 16 14 58 73 20 71 9 83 35 98 37 23 17 78 52 18 74 96 55 79 30 88 41 7 91 0 62 5 48 89 87 15 21 93 69 65 64 3 25 46 92 27 66 57 60 24 80 68 63 39 53 1 50 86 8 6 56 4 (24732) Elapsed time: 0.315861 s
68 63 39 53 1 43 49 72 67 84 38 95 77 51 36 4 32 12 75 94 81 29 47 99 70 40 13 28 45 2 42 33 82 54 6 8 56 19 85 26 11 34 61 59 76 22 90 44 31 10 16 14 73 58 20 71 9 83 35 98 37 23 17 78 52 15 21 93 87 69 65 64 3 25 96 74 18 89 48 5 62 0 91 7 41 88 30 79 55 66 27 92 57 60 80 24 50 86 97 46 68 (25027) Elapsed time: 0.383208 s
37 23 17 78 52 87 15 21 69 93 65 64 3 25 55 96 74 18 89 5 48 62 0 91 7 41 88 30 79 57 66 92 27 46 31 14 16 10 22 97 90 44 59 61 34 85 26 11 56 8 6 86 50 60 24 80 68 63 39 53 1 43 49 72 67 84 38 29 77 51 95 4 36 32 75 12 94 81 47 70 40 99 13 2 42 45 28 33 54 82 19 76 58 73 20 71 9 83 35 98 37 (25449) Elapsed time: 0.189294 s
94 75 12 32 4 36 29 38 95 77 51 47 40 70 99 13 28 2 45 42 33 82 54 11 26 85 19 61 59 76 22 97 90 44 31 10 16 14 73 20 58 83 9 89 48 5 62 0 91 7 41 88 30 79 55 96 74 18 3 64 65 25 69 15 21 93 87 52 78 17 23 37 35 98 71 46 92 27 57 66 68 72 49 43 1 39 53 63 67 84 80 24 60 50 86 56 6 8 34 81 94 (25449) Elapsed time: 0.270836 s
19 56 8 6 11 26 85 34 61 76 59 22 97 90 44 31 10 14 16 58 73 20 71 9 83 35 98 37 23 17 78 52 87 15 21 93 69 65 64 3 25 96 55 79 30 88 41 7 91 0 62 5 48 89 18 74 66 27 92 57 60 24 80 68 63 39 53 1 43 49 72 67 84 38 29 95 77 51 4 36 75 32 12 94 81 47 99 70 40 13 2 42 45 28 33 82 54 86 50 46 19 (24466) Elapsed time: 0.397114 s
83 17 23 37 35 98 78 21 15 87 93 69 65 25 64 3 96 55 79 30 88 41 7 91 74 18 52 48 5 62 0 46 31 10 16 14 58 73 20 71 9 89 66 27 92 57 60 50 86 8 6 56 19 85 34 26 11 54 82 33 28 45 42 2 13 70 40 99 47 29 38 95 77 51 4 36 32 75 12 94 81 67 84 72 49 43 1 63 39 53 68 80 24 61 59 76 22 97 90 44 83 (24935) Elapsed time: 0.307906 s
77 51 95 4 36 32 12 75 94 81 1 72 43 49 67 84 38 29 13 99 70 40 47 28 45 2 42 11 26 85 34 59 61 76 22 97 90 44 31 10 14 16 20 73 58 71 9 83 89 48 5 62 0 91 7 41 88 30 79 55 96 74 18 3 65 64 25 69 93 21 15 87 52 78 17 23 37 35 98 46 92 27 57 66 68 63 39 53 60 24 80 50 86 8 6 56 19 54 82 33 77 (25197) Elapsed time: 0.260417 s
13 2 45 28 29 38 95 77 51 4 36 94 12 32 75 81 49 72 67 84 60 50 86 8 6 56 19 11 26 85 34 61 59 76 22 44 90 97 31 10 16 14 58 73 20 71 83 9 89 5 48 62 0 91 7 41 88 30 79 55 96 74 18 52 87 15 21 93 69 65 64 3 25 78 17 23 37 35 98 46 92 27 66 57 68 63 39 53 1 43 24 80 33 82 54 42 70 40 99 47 13 (25196) Elapsed time: 0.252707 s
93 21 87 15 52 18 74 96 55 79 30 88 41 7 91 0 5 48 89 83 9 71 20 73 58 14 16 10 31 90 97 22 44 59 61 76 19 85 26 11 56 8 6 86 50 80 24 60 57 92 27 66 68 63 39 53 1 43 49 72 67 84 29 38 4 36 32 12 75 94 81 77 51 95 47 99 40 70 13 2 45 28 42 33 82 54 34 46 62 35 98 37 23 17 78 64 65 3 25 69 93 (25412) Elapsed time: 0.252924 s
16 14 10 31 44 90 97 22 59 76 61 34 85 26 19 56 8 6 86 50 60 24 80 68 63 39 53 72 49 43 1 81 94 75 12 32 36 4 77 51 95 47 99 70 40 13 2 45 28 33 82 54 11 42 29 38 84 67 57 66 27 92 0 46 62 5 48 89 9 83 35 98 37 23 17 78 87 15 21 93 69 65 64 3 96 55 79 30 88 41 7 91 74 18 52 25 71 20 73 58 16 (24803) Elapsed time: 0.315515 s
33 82 54 11 19 85 34 26 61 59 76 22 97 90 44 31 10 14 16 73 20 58 71 9 83 23 37 35 98 17 78 52 15 87 21 93 69 65 64 3 25 96 55 79 30 41 88 7 91 74 18 89 48 5 62 46 0 27 92 57 66 68 24 80 60 50 86 8 6 56 28 45 2 42 13 70 40 99 47 95 77 51 36 4 32 75 12 94 81 1 63 39 53 43 49 72 67 84 38 29 33 (23932) Elapsed time: 0.252229 s
79 30 88 41 7 91 0 62 5 48 89 9 83 78 52 18 74 96 55 3 64 65 25 69 15 21 93 87 17 23 37 35 98 58 73 20 71 10 14 16 31 44 90 97 22 59 76 61 34 85 26 11 19 56 8 6 86 50 60 80 24 68 63 39 53 1 43 49 72 67 84 38 29 28 45 33 82 54 2 42 13 99 40 70 47 51 77 95 4 36 32 12 75 94 81 27 92 57 66 46 79 (25200) Elapsed time: 0.310992 s
47 99 70 40 2 45 28 33 82 54 11 26 85 34 19 6 8 56 86 50 60 24 80 68 43 72 49 67 84 38 29 95 77 51 4 36 12 32 75 94 81 1 53 39 63 66 57 76 59 61 22 97 90 44 31 10 16 14 58 73 20 71 9 83 35 98 37 23 17 78 52 87 15 21 93 69 65 64 25 3 18 74 96 55 79 30 88 41 7 91 0 62 5 48 89 46 92 27 13 42 47 (24806) Elapsed time: 0.256884 s
45 28 13 2 42 40 70 99 47 51 77 95 4 36 12 32 75 94 81 43 49 72 67 84 38 29 33 82 54 11 19 85 26 34 61 59 76 22 97 90 44 31 10 16 14 73 20 71 9 83 58 35 98 37 23 17 78 87 15 21 93 69 52 18 74 89 48 5 62 0 91 7 41 88 30 79 55 96 3 64 65 25 46 92 27 66 57 60 24 80 68 63 39 53 1 8 6 56 86 50 45 (25375) Elapsed time: 0.257196 s
9 83 35 98 89 48 5 62 0 91 7 41 88 30 79 55 96 74 18 52 87 15 21 93 69 65 64 3 25 17 78 23 37 71 20 73 58 14 16 10 31 44 90 97 22 76 59 61 85 26 11 19 34 6 8 56 86 50 60 24 80 68 63 39 53 1 43 49 72 67 84 38 29 77 51 95 4 36 32 12 75 94 81 28 45 42 2 13 70 40 99 47 33 82 54 57 66 27 92 46 9 (25499) Elapsed time: 0.256195 s
93 21 15 87 52 78 17 23 37 35 98 58 73 20 71 9 83 62 5 48 89 74 18 96 55 79 30 88 41 91 0 46 31 10 14 16 44 97 90 22 59 61 76 19 26 11 82 54 33 28 45 2 42 13 47 99 70 40 29 38 95 51 77 4 36 75 32 12 94 81 43 49 72 68 63 39 53 1 67 84 24 80 60 50 86 56 6 8 34 85 57 27 92 66 7 3 64 65 25 69 93 (25339) Elapsed time: 0.28807 s
98 35 37 23 17 78 52 87 15 21 93 69 65 64 3 25 96 55 79 30 88 41 7 91 0 62 5 48 89 9 83 71 20 73 58 14 16 10 90 97 22 44 31 46 92 27 66 57 60 80 24 68 63 39 53 1 43 49 72 67 84 38 95 77 51 4 36 32 75 12 94 81 29 28 45 2 42 13 47 99 70 40 33 82 54 6 8 56 86 50 19 85 26 11 34 61 59 76 74 18 98 (25137) Elapsed time: 0.485058 s
84 67 72 49 43 1 63 39 53 68 24 80 60 50 86 56 6 8 19 11 26 85 34 61 59 76 22 97 90 44 31 10 16 14 71 20 73 58 35 98 37 23 17 78 87 15 21 93 69 64 3 65 25 55 96 74 48 5 62 0 91 7 41 88 30 79 18 52 9 83 89 46 27 92 57 66 81 94 12 32 75 36 4 51 77 95 47 99 70 40 13 28 45 42 2 33 82 54 29 38 84 (25366) Elapsed time: 0.24891 s
5 48 89 18 52 78 17 23 37 35 98 83 9 71 73 20 58 10 16 14 31 44 90 97 22 59 61 76 19 85 26 34 11 54 82 33 2 42 45 28 13 40 70 99 47 95 77 51 4 36 32 12 75 94 81 1 43 49 72 67 84 38 29 50 86 6 8 56 60 80 24 68 39 53 63 66 57 27 92 0 91 7 41 88 30 79 55 96 74 3 64 65 25 69 21 93 87 15 46 62 5 (24908) Elapsed time: 0.259443 s
86 8 6 56 19 11 54 82 33 28 45 42 2 13 70 40 99 47 51 77 95 4 36 32 75 12 94 81 43 49 72 68 63 39 53 1 67 84 38 29 80 24 60 50 57 66 92 27 62 5 48 89 9 83 35 98 23 37 17 78 21 15 87 52 69 93 74 18 96 3 64 65 25 55 79 30 88 41 7 91 0 46 31 10 14 16 71 20 73 58 44 90 97 22 59 61 34 85 26 76 86 (25239) Elapsed time: 0.189796 s
62 5 48 89 9 83 17 23 37 35 98 93 21 15 87 52 18 96 74 91 7 41 88 30 79 55 65 64 3 25 69 78 71 20 73 58 10 14 16 31 44 90 97 22 59 61 85 26 11 19 56 6 8 86 50 60 24 80 68 63 39 53 1 43 49 72 67 84 38 29 51 77 95 4 36 75 12 32 94 81 47 99 70 40 13 2 42 28 45 33 82 54 34 76 57 66 27 92 0 46 62 (24896) Elapsed time: 0.307233 s
67 84 72 68 63 39 53 1 43 49 81 94 12 75 32 36 4 51 77 95 29 38 47 99 70 40 13 2 42 45 28 82 54 11 26 34 85 19 8 6 56 86 50 60 24 80 66 57 27 92 46 90 97 22 44 31 10 14 16 58 73 20 71 9 83 35 98 37 23 17 78 89 48 5 62 0 91 7 41 88 30 79 55 74 96 3 65 64 25 69 21 15 87 93 52 18 61 59 76 33 67 (25059) Elapsed time: 0.196 s
44 31 10 14 16 58 73 20 71 83 9 89 48 5 62 0 91 74 18 52 78 17 23 37 35 98 87 15 21 93 69 3 64 65 25 96 55 79 30 88 41 7 66 27 92 57 60 24 80 68 72 49 43 1 53 39 63 54 82 33 28 45 42 2 13 99 70 40 47 77 95 51 4 36 32 75 12 94 81 38 29 84 67 50 86 56 6 8 11 19 85 26 34 61 59 76 22 97 90 46 44 (24299) Elapsed time: 0.188888 s
11 26 85 34 61 59 76 22 97 90 46 0 91 7 41 88 30 79 55 96 74 18 52 78 17 23 37 35 98 93 87 15 21 69 65 64 3 25 48 5 62 89 9 83 71 20 73 58 14 16 10 31 44 92 27 57 66 60 24 80 68 72 49 43 1 63 39 53 81 94 75 32 12 4 36 51 77 95 38 29 33 28 45 42 2 13 47 99 70 40 67 84 50 86 8 6 56 19 54 82 11 (25437) Elapsed time: 0.30656 s
87 15 21 93 52 18 74 5 48 89 83 9 71 20 73 58 16 14 10 31 44 90 97 22 76 59 61 19 11 85 26 34 6 8 56 86 50 60 24 80 68 63 39 53 1 43 49 72 67 84 38 29 51 77 95 36 4 32 75 12 94 81 28 45 2 42 70 40 99 47 13 33 54 82 57 27 92 66 46 0 62 91 7 41 88 30 79 55 96 3 65 64 25 69 78 17 23 37 35 98 87 (25048) Elapsed time: 0.193979 s
86 8 6 56 19 11 85 26 34 61 59 76 22 97 90 44 31 10 16 14 58 73 20 71 9 83 89 5 48 62 0 91 7 41 88 30 79 55 96 74 18 52 87 15 21 93 69 65 64 3 25 17 78 23 37 35 98 46 92 27 66 57 68 63 39 53 1 43 49 72 67 84 82 54 33 28 2 45 42 40 13 99 70 47 29 38 95 77 51 4 36 32 75 12 94 81 60 24 80 50 86 (24969) Elapsed time: 0.197969 s
60 50 86 56 8 6 11 54 82 33 28 45 2 42 13 47 99 70 40 29 38 95 77 51 4 36 32 75 12 94 81 49 43 1 53 39 63 68 80 24 66 27 92 57 90 97 22 44 31 10 16 14 58 73 20 71 9 83 35 98 37 23 17 78 52 15 21 87 93 69 3 64 65 25 55 96 18 74 91 7 41 88 30 79 89 48 5 62 0 46 76 59 61 26 85 34 19 67 72 84 60 (25528) Elapsed time: 0.250719 s
59 61 85 26 11 6 8 56 19 34 54 82 33 28 45 2 42 13 47 99 70 40 51 77 95 4 36 32 12 75 94 81 43 49 72 67 84 38 29 24 80 68 63 39 53 1 66 27 92 57 60 50 86 76 22 97 90 44 31 10 14 16 58 73 20 71 9 83 89 48 5 62 0 91 7 41 88 30 79 55 74 96 3 64 65 25 69 21 93 87 15 18 52 78 17 23 37 35 98 46 59 (25345) Elapsed time: 0.426845 s
26 85 34 61 59 76 22 97 90 44 31 10 14 16 58 73 20 71 9 83 35 98 37 23 17 78 52 15 87 21 93 69 65 64 3 25 74 18 96 55 79 30 88 41 7 91 0 62 48 5 89 46 92 27 66 57 60 24 80 68 72 67 84 29 28 45 2 42 13 99 70 40 47 51 77 95 38 36 4 12 32 75 94 81 43 63 39 53 1 49 50 86 56 6 8 54 82 33 11 19 26 (23890) Elapsed time: 0.319392 s
sredni czas: 0.285052 s