12 78 109 19 63 54 41 46 30 66 146 64 129 106 14 26 39 11 124 45 141 131 31 116 23 136 52 0 84 115 3 59 139 68 73 56 35 13 98 140 91 9 18 104 142 92 48 28 17 36 119 15 62 50 126 134 145 8 77 81 6 60 25 65 43 127 102 47 83 10 51 149 95 86 143 96 80 44 32 99 135 58 117 72 2 40 88 121 20 101 22 34 1 67 29 76 114 79 103 148 5 53 133 74 21 111 7 105 16 24 89 33 57 97 108 144 113 107 112 125 71 123 70 37 100 27 38 147 87 4 118 55 42 85 132 49 94 122 93 90 69 110 120 75 130 138 128 61 82 137 12 (30512) Elapsed time: 1.29348 s
15 134 145 126 50 62 43 102 127 83 10 51 149 95 86 143 96 135 32 99 73 56 35 13 140 98 18 104 91 9 80 44 47 65 119 36 28 17 48 92 142 3 115 11 39 26 14 12 78 109 63 19 54 41 66 46 30 64 146 129 106 79 103 148 5 53 133 74 21 111 7 105 16 24 89 33 144 108 97 147 87 27 38 37 70 123 71 82 61 137 112 125 107 113 57 100 55 118 4 42 85 49 132 94 122 93 90 110 69 120 75 138 130 128 121 20 22 101 34 1 67 29 88 40 58 72 2 117 68 59 139 114 76 0 52 84 136 124 45 141 131 31 116 23 60 25 8 77 81 6 15 (30604) Elapsed time: 1.86742 s
102 127 47 83 10 51 149 95 86 96 143 135 32 99 73 56 35 13 140 98 18 104 142 92 48 17 28 36 119 134 15 62 126 50 145 8 77 81 6 25 60 131 31 116 23 141 45 124 136 52 0 84 39 11 115 3 59 139 68 2 72 117 58 40 88 121 20 138 120 110 69 75 130 128 85 4 42 118 55 100 27 38 37 70 123 71 82 61 137 74 133 53 5 148 103 64 146 79 76 114 29 67 34 1 22 101 49 132 94 93 122 90 144 108 97 147 87 57 33 89 24 16 105 7 111 21 112 107 113 125 46 30 66 54 41 19 63 109 78 12 129 106 26 14 9 91 44 80 65 43 102 (31223) Elapsed time: 1.07487 s
65 43 62 50 126 15 134 145 119 36 17 28 141 131 31 23 116 136 52 0 84 26 14 78 109 63 19 41 54 66 30 46 5 148 53 133 74 21 111 7 105 16 24 89 33 144 113 107 112 137 61 82 71 123 70 37 27 38 125 87 147 97 108 57 100 55 118 4 42 85 132 49 94 93 122 90 75 120 110 69 138 130 128 101 22 67 29 34 1 103 79 76 114 146 64 129 12 106 39 11 45 124 60 25 77 8 81 6 3 115 59 139 40 88 121 20 58 117 72 2 68 73 99 32 44 80 96 143 135 35 56 13 98 140 9 91 18 104 142 92 48 102 127 83 10 51 149 95 86 47 65 (30645) Elapsed time: 1.24191 s
17 28 36 119 15 62 43 65 102 127 83 10 51 149 95 86 143 96 80 44 32 99 73 56 35 13 140 98 18 104 91 9 48 92 142 3 115 59 139 68 2 72 117 58 40 88 121 20 101 22 34 1 67 29 76 114 79 146 64 103 148 5 53 133 74 21 111 7 105 16 24 89 33 144 108 97 147 87 57 113 107 112 125 71 123 70 37 38 27 100 55 118 4 42 85 132 49 94 93 122 90 69 110 120 75 138 130 128 61 82 137 30 46 66 54 41 63 19 109 78 12 129 106 26 14 84 0 52 136 124 45 141 131 31 116 23 60 25 6 77 8 81 145 134 50 126 47 135 39 11 17 (30099) Elapsed time: 1.43796 s
97 144 108 57 147 87 27 100 55 118 4 42 85 94 93 122 90 130 138 120 110 69 75 101 22 121 20 40 88 58 117 72 2 68 139 59 3 115 92 142 98 140 9 91 18 104 13 56 35 73 99 32 44 80 96 143 135 95 86 149 51 10 83 127 102 47 65 43 62 50 126 145 134 15 119 36 28 17 48 45 124 11 39 84 0 52 136 23 31 116 60 25 8 77 81 6 131 141 26 14 12 78 109 19 63 54 41 66 30 46 133 74 21 111 7 105 16 24 89 33 113 107 112 125 71 123 70 37 38 49 132 82 61 137 53 5 148 103 79 146 64 129 106 114 76 29 67 34 1 128 97 (30927) Elapsed time: 0.619455 s
20 121 88 40 58 117 2 72 68 139 59 3 115 11 39 26 106 129 12 78 109 19 63 54 41 66 30 46 148 5 53 133 74 21 111 7 105 16 24 33 89 113 107 112 137 61 82 71 123 70 37 27 38 125 132 49 94 122 93 90 69 110 120 75 138 130 128 85 4 42 118 55 100 87 147 97 108 144 57 103 79 76 114 146 64 14 84 0 52 136 116 31 23 124 45 28 17 48 92 142 13 35 56 73 99 32 44 80 96 143 135 95 86 149 51 10 83 47 102 127 43 62 50 126 134 145 15 119 36 141 131 60 25 8 77 81 6 65 91 9 140 98 18 104 67 34 1 29 101 22 20 (31155) Elapsed time: 1.23067 s
121 20 101 22 34 1 67 29 76 114 79 146 64 129 106 26 14 12 78 109 19 63 54 41 66 30 46 148 5 53 133 74 21 111 7 105 16 24 89 33 144 108 97 147 87 27 38 37 70 123 71 61 82 125 112 107 113 57 100 55 118 4 42 85 132 49 94 93 122 90 69 110 120 75 130 138 128 137 103 59 139 68 73 56 35 32 99 44 80 96 143 135 9 91 18 104 98 140 142 92 3 115 11 39 84 0 52 136 124 45 141 131 31 23 116 6 81 77 8 25 60 36 119 15 134 145 126 50 62 43 65 127 102 47 83 10 51 149 95 86 28 17 48 13 72 2 117 58 40 88 121 (31063) Elapsed time: 1.24338 s
51 10 83 47 102 127 43 62 50 126 134 145 8 77 81 6 25 60 131 31 116 23 141 45 124 11 39 26 84 0 52 136 14 12 78 109 63 19 54 41 66 30 46 148 5 53 133 74 21 111 7 105 16 24 89 33 108 97 147 87 57 144 113 107 112 137 82 61 71 123 70 37 100 27 38 125 55 118 4 42 85 132 49 94 93 122 90 69 110 120 75 138 130 128 101 22 20 121 88 40 29 67 34 1 79 76 114 64 146 129 106 103 59 3 115 142 92 48 17 28 36 119 15 65 104 18 91 9 140 98 13 56 35 44 80 96 143 135 99 32 73 68 139 58 2 72 117 86 95 149 51 (30714) Elapsed time: 1.03979 s
128 75 110 69 120 138 130 20 121 88 40 29 67 34 1 101 22 90 93 122 94 49 132 85 4 42 118 55 100 37 70 38 27 87 147 97 108 57 89 33 144 113 24 16 105 7 111 21 74 133 53 103 148 5 46 30 66 54 41 63 19 109 78 12 14 26 84 0 52 136 124 45 141 131 31 116 23 60 25 6 81 77 8 134 145 50 126 62 43 102 47 127 83 51 10 149 95 86 91 18 104 98 140 9 44 80 96 143 135 99 32 73 56 35 13 142 92 48 17 28 36 119 15 65 11 39 3 115 59 139 68 72 2 117 58 114 76 79 146 64 129 106 112 107 125 71 123 82 61 137 128 (30749) Elapsed time: 1.05244 s
79 76 114 106 129 12 78 109 63 19 54 41 30 46 66 64 146 103 148 5 53 133 74 7 111 21 105 16 24 89 33 57 97 147 87 27 37 70 123 71 82 61 137 112 107 113 144 108 38 125 118 55 100 42 4 85 132 49 94 93 122 90 128 130 138 69 110 120 75 101 22 34 1 67 29 40 88 121 20 58 2 72 117 68 73 56 35 99 32 44 80 96 143 135 9 91 18 104 98 140 142 92 48 17 28 36 119 15 134 145 50 126 62 43 65 102 127 83 10 51 149 95 86 47 60 25 8 77 81 6 31 116 23 141 131 136 124 45 11 39 52 0 84 14 26 115 3 59 139 13 79 (31097) Elapsed time: 12.0235 s
34 1 67 29 76 114 79 146 64 129 106 12 78 109 19 63 54 41 66 30 46 103 148 5 53 133 74 21 111 7 105 16 24 89 33 144 108 97 147 87 27 38 37 70 100 55 118 4 42 85 132 49 71 123 125 107 113 57 112 137 61 82 94 93 122 90 75 110 120 69 138 130 128 101 22 20 121 88 40 58 117 2 72 68 73 56 35 99 32 44 80 96 143 135 9 91 140 98 18 104 65 102 127 83 10 51 149 95 86 47 43 62 15 134 50 126 145 8 77 81 6 25 60 131 31 116 23 141 45 124 136 52 0 84 26 14 39 11 92 48 17 28 36 119 3 59 139 142 13 115 34 (30666) Elapsed time: 1.93523 s
90 93 122 94 49 132 85 4 42 118 55 100 37 70 123 71 82 61 137 112 107 113 144 108 57 97 147 87 27 38 125 21 111 7 105 16 24 89 33 74 133 53 5 148 103 79 146 64 129 106 12 78 109 63 19 54 41 66 30 46 40 88 121 20 101 22 34 1 67 29 76 114 139 59 115 3 142 13 9 91 18 104 140 98 35 56 73 99 32 44 80 96 143 95 149 51 10 83 102 127 15 62 126 50 134 145 77 8 81 6 25 60 131 31 116 23 141 28 17 48 92 11 39 26 14 84 52 0 136 124 45 36 119 65 43 47 86 135 68 72 2 117 58 138 130 75 120 110 69 128 90 (30970) Elapsed time: 1.32852 s
82 61 71 123 37 70 38 27 100 55 118 4 42 85 132 49 94 122 93 90 75 120 110 69 130 138 128 121 20 101 22 34 1 67 29 40 88 117 72 2 58 68 13 35 56 73 99 32 44 80 96 143 135 91 140 98 18 104 9 142 92 48 17 28 36 119 15 134 145 50 126 62 43 65 102 127 83 10 51 149 95 86 47 11 45 124 141 23 131 60 25 8 77 81 6 116 31 136 39 84 0 52 26 14 12 78 109 63 19 54 41 66 30 46 146 64 129 106 139 59 3 115 114 76 79 103 148 5 53 133 74 112 107 113 144 108 97 147 87 125 21 111 7 105 16 24 89 33 57 137 82 (31354) Elapsed time: 0.851034 s
79 129 106 12 78 109 63 19 54 41 66 30 46 103 148 5 53 133 74 21 111 7 105 16 24 89 33 144 113 107 112 137 125 82 61 71 123 70 37 27 87 147 97 108 57 38 100 55 118 4 42 85 132 49 90 122 93 94 128 75 120 110 69 138 130 101 22 34 1 67 29 88 20 121 40 58 2 72 117 68 135 96 80 44 32 99 73 56 35 9 91 18 104 98 140 13 3 92 142 11 39 26 84 0 52 136 124 45 141 23 116 31 131 60 36 119 15 62 43 65 102 127 83 51 10 149 95 86 143 47 50 126 134 145 8 77 81 25 6 28 17 48 115 59 139 114 76 146 64 14 79 (30991) Elapsed time: 1.06374 s
85 4 118 55 100 37 70 123 71 82 61 137 112 107 113 144 108 57 33 89 24 16 105 7 111 21 74 133 53 5 148 103 79 146 64 129 106 12 78 109 63 19 54 41 66 30 46 14 26 84 0 52 136 124 45 141 131 31 116 23 60 25 8 77 81 6 145 15 134 50 126 62 43 65 102 127 83 10 51 149 95 86 47 119 36 28 17 48 92 142 13 140 98 91 18 104 9 44 80 96 143 135 99 32 73 56 35 68 2 72 117 58 40 88 121 20 101 22 34 1 67 29 76 114 139 59 3 115 11 39 49 132 94 93 122 90 110 69 120 75 130 138 128 42 87 147 97 125 38 27 85 (30918) Elapsed time: 2.37377 s
73 56 35 13 9 91 18 104 98 140 142 92 11 39 26 14 12 78 109 63 19 54 41 30 46 66 146 64 129 106 114 76 79 103 148 5 53 133 74 21 111 7 105 16 24 89 33 144 108 97 147 87 57 113 107 112 125 71 123 70 37 27 38 100 55 118 4 42 85 132 49 61 82 137 1 34 67 29 40 88 121 20 101 22 69 110 120 75 130 138 128 93 122 94 90 68 72 2 58 117 139 59 3 115 48 17 28 36 119 15 62 43 102 127 83 10 51 149 95 86 47 65 126 50 134 145 8 77 81 6 25 60 131 31 23 116 141 45 124 136 52 0 84 135 80 44 32 99 96 143 73 (31230) Elapsed time: 1.0893 s
19 63 109 78 12 129 106 64 146 79 103 148 5 53 133 74 21 111 7 105 16 24 89 33 57 108 97 147 87 27 37 70 123 71 82 61 137 112 107 113 144 125 38 100 55 118 4 42 85 132 49 94 93 122 90 75 120 110 69 138 130 128 22 101 20 121 88 40 139 59 3 115 11 39 26 14 84 0 52 136 116 23 31 131 60 25 77 8 81 6 119 36 28 17 48 92 142 13 35 56 73 99 32 80 44 96 143 135 91 9 140 98 18 104 65 43 62 50 126 134 145 15 102 47 83 10 51 149 95 86 127 124 45 141 68 72 2 117 58 29 67 34 1 76 114 46 30 66 54 41 19 (30924) Elapsed time: 1.49491 s
24 16 105 7 111 21 74 133 53 5 148 103 79 146 64 129 106 12 78 109 63 19 54 41 66 30 46 137 61 82 71 123 38 27 37 70 118 55 100 147 87 97 108 57 144 33 89 113 107 112 125 49 132 85 4 42 128 93 122 94 90 69 110 120 75 130 138 20 121 88 40 58 72 2 117 68 73 56 35 13 142 92 17 48 28 141 23 116 31 131 60 25 8 77 81 6 15 134 145 126 50 62 43 65 102 47 127 83 10 51 149 95 86 143 96 80 44 32 99 135 9 91 104 18 98 140 119 36 45 124 136 52 0 84 14 26 39 11 115 3 59 139 114 76 29 67 34 1 101 22 24 (30497) Elapsed time: 1.08865 s
116 31 131 23 141 45 124 136 52 0 84 14 78 109 19 63 54 41 66 30 46 103 148 5 53 133 74 21 111 7 105 16 24 89 33 108 97 57 144 113 107 112 137 61 82 71 123 70 37 27 38 125 147 87 100 55 118 4 42 85 132 49 94 90 93 122 75 120 110 69 138 130 128 101 22 34 1 67 29 40 88 121 20 58 117 72 2 68 13 35 56 73 99 32 44 80 96 143 135 140 98 91 18 104 9 65 102 127 47 83 51 10 149 95 86 15 62 43 50 126 134 145 81 6 77 8 25 60 36 119 28 17 48 92 142 3 115 59 139 106 129 12 64 146 79 76 114 39 26 11 116 (30740) Elapsed time: 1.28035 s
36 28 17 48 141 131 31 116 23 124 45 11 39 26 14 12 78 109 19 63 54 41 66 30 46 133 74 21 111 7 105 16 24 89 33 144 108 97 147 87 27 38 37 70 123 71 82 61 137 112 125 107 113 57 100 55 118 4 42 85 132 49 94 93 122 90 110 69 75 120 138 130 128 22 101 20 121 88 40 29 67 34 1 53 5 148 103 64 146 79 76 114 106 129 84 0 52 136 6 25 8 77 81 145 126 50 62 43 65 119 15 134 127 102 47 83 10 51 149 95 86 143 96 80 44 32 99 73 56 35 13 98 140 9 91 18 104 142 92 115 3 59 139 68 2 72 117 58 135 60 36 (31085) Elapsed time: 1.68235 s
79 146 64 129 106 12 78 109 19 63 54 41 66 30 46 148 5 53 133 74 21 111 7 105 16 24 89 33 108 97 147 87 27 38 37 70 123 71 82 61 137 112 107 113 144 57 125 100 55 118 4 42 85 132 49 94 93 122 90 75 110 120 69 138 130 128 101 22 34 1 67 29 40 88 121 20 103 76 114 139 59 3 115 11 39 26 14 84 0 52 136 124 45 141 28 17 48 92 142 13 73 56 35 32 99 44 80 96 143 135 91 9 140 98 18 104 65 43 62 50 126 134 145 8 77 81 6 25 60 131 31 116 23 36 119 15 127 102 47 83 10 51 149 95 86 117 2 72 58 68 79 (31287) Elapsed time: 1.64201 s
59 139 68 2 72 117 58 40 88 121 20 101 22 1 34 67 29 76 114 79 103 148 5 53 133 74 21 111 7 105 16 24 89 33 144 108 97 147 87 57 27 38 37 70 123 71 125 112 137 61 82 49 94 93 122 90 75 120 110 69 138 130 128 42 4 118 55 100 85 132 107 113 30 46 66 54 41 19 63 109 78 12 129 106 146 64 14 26 84 52 0 136 23 116 31 131 60 25 8 77 81 6 36 119 15 134 145 126 50 62 43 102 47 83 10 51 149 95 86 143 96 80 44 32 99 73 56 35 13 142 92 48 17 28 141 45 124 11 39 115 3 98 140 9 91 18 104 65 127 135 59 (30765) Elapsed time: 1.04549 s
100 37 70 55 118 4 42 85 132 49 94 122 93 90 75 120 110 69 138 130 128 123 71 82 61 137 74 133 5 53 103 148 30 46 66 54 41 63 19 109 78 12 129 106 26 84 52 0 136 124 45 141 131 23 60 25 77 8 81 6 116 31 119 36 28 17 48 92 3 115 59 139 40 88 121 20 101 22 34 1 76 114 79 146 64 14 39 11 142 13 140 98 9 91 18 104 65 43 62 15 134 145 126 50 127 47 102 83 10 51 149 95 86 143 96 80 44 32 99 73 56 35 135 68 2 72 117 58 67 29 21 111 7 105 16 24 89 33 144 108 97 87 147 27 38 125 112 107 113 57 100 (31267) Elapsed time: 1.25975 s
23 116 31 131 60 25 8 77 81 6 145 134 15 43 62 50 126 119 36 28 17 48 92 11 39 84 26 14 12 78 109 19 63 54 41 66 30 46 148 5 53 133 74 21 111 7 105 16 24 89 33 144 108 97 147 87 27 37 70 38 125 123 71 82 61 137 112 107 113 57 100 55 118 4 42 85 132 49 94 93 122 90 69 110 120 75 138 130 128 101 22 34 1 67 29 76 114 79 103 146 64 129 106 139 59 115 3 142 13 98 140 9 91 18 104 65 102 127 10 51 83 47 95 86 149 143 96 80 44 32 99 73 56 35 135 68 72 2 117 58 88 40 20 121 52 0 136 124 45 141 23 (30766) Elapsed time: 1.51233 s
77 8 81 6 25 60 131 31 116 23 141 45 124 136 52 0 84 26 14 78 109 19 63 54 41 66 30 46 74 133 53 5 148 103 146 64 129 106 12 39 11 115 3 59 139 68 73 56 35 9 91 18 104 98 140 13 142 92 48 17 28 36 119 15 134 145 126 50 62 43 65 102 127 83 47 10 51 149 95 86 143 96 80 44 32 99 135 58 117 72 2 40 88 121 20 22 101 122 93 94 85 132 49 82 61 137 112 107 113 144 108 97 147 87 27 38 37 70 123 71 125 21 111 7 105 16 24 89 33 57 100 55 118 4 42 128 130 138 120 75 110 69 90 67 34 1 29 76 114 79 77 (31185) Elapsed time: 1.42892 s
79 146 64 129 106 26 39 11 124 45 141 131 31 116 23 60 25 77 8 81 6 134 145 15 62 43 102 47 83 10 51 149 95 86 127 65 18 104 98 140 91 9 35 56 73 99 32 44 80 96 143 135 68 2 72 117 58 40 88 121 20 22 101 69 110 120 75 138 130 128 122 93 90 94 49 132 85 4 42 118 55 100 27 38 37 70 123 71 82 61 137 53 5 148 103 133 74 21 111 7 105 16 24 89 33 144 108 97 147 87 57 113 107 112 125 46 30 66 54 41 63 19 109 78 12 14 84 0 52 136 92 48 28 17 36 119 50 126 59 3 115 142 13 139 114 76 29 67 34 1 79 (31308) Elapsed time: 1.49162 s
5 148 103 64 146 129 106 26 14 12 78 109 19 63 41 54 66 46 30 79 76 114 29 67 34 1 53 133 74 21 111 7 105 16 24 89 33 144 108 97 147 87 27 38 37 70 123 71 125 137 112 107 113 57 100 55 118 4 42 85 132 49 94 93 122 90 110 120 75 138 130 128 101 22 20 121 88 40 58 2 72 117 68 56 35 73 99 32 44 80 96 143 135 95 86 149 51 10 83 47 102 127 43 15 62 50 126 134 145 8 77 81 6 25 60 131 31 116 23 141 28 17 48 92 142 13 140 98 18 104 91 9 65 119 36 45 124 136 52 0 84 39 11 115 3 59 139 69 61 82 5 (30831) Elapsed time: 1.64273 s
74 21 111 7 105 16 24 89 33 57 108 97 147 87 27 38 37 70 55 100 118 4 42 85 132 49 94 93 122 90 75 110 69 120 138 130 128 22 101 20 121 88 40 58 117 72 2 68 73 56 35 44 80 96 143 135 99 32 95 86 149 10 51 83 47 102 127 8 77 81 6 25 60 131 31 116 23 141 45 124 136 52 0 84 26 106 129 12 78 109 19 63 54 41 66 30 46 133 53 5 148 103 79 76 114 146 64 14 39 11 92 142 13 140 98 18 104 91 9 65 43 62 15 134 145 50 126 119 36 28 17 48 115 3 59 139 29 67 34 1 61 82 71 123 125 112 107 113 144 137 74 (29668) Elapsed time: 1.6558 s
48 17 28 141 131 31 116 23 124 45 11 115 3 142 92 104 18 91 9 140 98 13 35 56 73 99 32 44 80 96 143 135 149 86 95 10 51 83 47 102 127 43 62 15 134 145 126 50 65 119 36 60 25 8 77 81 6 136 0 52 84 26 14 78 109 63 19 54 41 66 30 46 5 148 53 133 74 21 111 7 105 16 24 89 33 144 108 57 97 147 87 27 100 37 70 123 71 82 61 137 112 107 113 125 38 132 49 94 93 122 90 75 120 110 69 138 130 128 4 42 118 55 85 1 34 67 29 76 114 59 139 68 58 2 72 117 40 88 121 20 101 22 79 103 64 146 129 106 12 39 48 (31058) Elapsed time: 1.03855 s
95 86 143 96 80 44 32 99 73 56 35 13 142 3 115 59 139 68 135 98 140 9 91 18 104 65 43 62 15 134 145 126 50 119 36 28 17 48 92 11 39 26 14 12 78 109 19 63 54 41 66 46 30 146 64 129 106 114 76 79 103 148 5 53 137 82 61 71 123 70 37 100 55 118 4 42 85 132 49 94 93 122 90 120 75 110 69 138 130 128 101 22 34 1 67 29 40 58 2 72 117 88 121 20 125 112 107 113 144 108 97 147 87 27 38 57 33 89 24 16 105 7 111 21 74 133 84 0 52 136 124 45 141 131 31 116 23 60 25 77 8 81 6 127 102 47 83 10 51 149 95 (30747) Elapsed time: 1.44809 s
61 82 137 112 107 113 57 97 108 144 89 33 24 16 105 7 111 21 74 133 5 148 53 103 146 64 129 106 26 84 52 0 136 23 116 31 131 141 28 17 48 45 124 11 39 115 59 3 142 92 98 140 9 91 18 104 65 43 62 50 126 134 145 8 77 81 6 25 60 36 119 15 127 102 47 83 10 51 149 95 86 143 96 80 44 32 99 73 56 35 13 135 68 72 2 58 117 88 121 20 22 101 69 110 120 75 138 130 128 93 122 90 94 49 132 85 4 42 118 55 100 27 38 37 70 123 71 125 87 147 46 66 30 79 76 114 139 40 29 67 34 1 14 12 78 109 63 19 54 41 61 (31275) Elapsed time: 1.87687 s
37 70 55 118 4 42 85 132 49 82 71 123 125 107 112 137 53 5 148 103 30 46 66 54 41 63 19 109 78 12 129 106 26 14 84 0 52 136 124 45 141 131 31 23 116 25 77 8 81 6 60 36 119 15 134 145 50 126 62 43 65 127 102 47 83 10 51 149 95 86 143 96 80 44 32 99 73 56 35 13 142 92 48 17 28 11 39 115 59 139 3 98 140 18 104 91 9 135 68 2 72 117 58 88 40 29 67 34 1 101 22 69 110 120 75 90 122 93 94 128 130 138 20 121 79 146 64 76 114 133 74 21 111 7 105 113 144 108 97 147 87 27 100 38 61 16 24 89 33 57 37 (31280) Elapsed time: 1.22631 s
80 44 32 99 56 73 35 13 142 92 48 17 28 36 119 15 62 43 65 102 127 83 10 51 149 95 86 143 96 135 68 72 2 117 58 40 88 121 20 101 22 1 34 67 29 114 76 79 64 146 129 106 26 14 12 78 109 63 19 54 41 66 30 46 103 148 5 53 133 74 21 111 7 105 16 24 89 33 57 108 97 87 147 27 38 37 70 123 71 82 61 137 132 49 94 93 122 90 69 110 120 75 130 138 128 85 4 42 118 55 100 125 112 107 113 144 11 115 3 59 139 39 0 52 84 136 124 45 141 131 60 25 31 23 116 6 81 77 8 145 134 126 50 47 91 18 104 98 140 9 80 (31266) Elapsed time: 1.24774 s
36 119 15 134 126 50 62 43 65 102 127 83 10 51 149 95 86 143 96 80 44 32 99 73 56 35 13 142 92 48 17 28 141 131 31 116 23 136 124 45 11 39 84 0 52 14 12 78 109 19 63 54 41 46 30 66 146 64 129 106 26 115 3 59 139 40 88 121 20 22 101 69 110 120 75 130 138 90 122 93 94 85 132 49 71 123 70 37 38 27 100 55 118 4 42 128 125 112 107 113 144 108 97 147 87 57 33 89 24 16 105 7 111 21 74 133 53 5 148 103 79 76 114 29 67 34 1 137 61 82 72 2 117 58 68 135 140 98 9 91 18 104 47 145 8 77 81 6 25 60 36 (31077) Elapsed time: 1.58379 s
10 51 83 47 102 127 65 43 62 50 126 145 134 15 119 36 28 17 48 92 142 13 140 98 18 104 91 9 99 32 44 80 96 143 135 73 56 35 139 59 3 115 39 11 45 124 23 31 116 141 131 60 25 8 77 81 6 136 52 0 84 26 14 129 106 146 64 66 30 46 54 41 63 19 109 78 12 114 76 79 103 148 5 53 133 74 21 111 7 105 16 24 89 33 108 97 147 87 27 100 55 118 4 42 85 132 49 61 82 137 112 107 113 144 57 125 71 123 70 37 38 34 1 67 29 101 22 90 93 122 94 128 138 130 75 120 110 69 20 121 88 40 58 117 72 2 68 86 95 149 10 (30224) Elapsed time: 0.830994 s
12 78 109 63 19 54 41 46 30 66 64 146 103 148 5 53 133 74 21 111 7 105 16 24 89 33 144 113 107 112 137 61 82 71 123 70 37 27 38 125 57 108 97 147 87 100 55 118 4 42 85 132 49 94 90 122 93 128 75 110 69 120 138 130 121 20 22 101 34 1 67 29 40 88 117 72 2 58 68 139 59 3 115 11 39 84 26 14 106 129 79 76 114 142 92 17 48 28 36 119 15 62 43 65 102 127 83 10 51 149 95 86 143 96 80 44 32 99 73 56 35 13 140 98 18 104 91 9 135 47 50 126 134 145 8 77 81 6 25 60 31 116 23 131 141 45 124 136 52 0 12 (29692) Elapsed time: 1.64936 s
130 138 120 110 69 75 128 122 93 94 49 132 85 118 55 100 37 70 123 71 82 61 137 1 34 67 29 88 121 20 101 22 90 42 4 27 38 125 112 107 113 144 108 97 147 87 57 33 24 89 16 105 7 111 21 74 133 53 148 5 103 30 46 66 54 41 19 63 109 78 12 129 106 64 146 79 76 114 139 59 3 115 11 39 26 14 84 0 52 136 116 23 31 131 60 25 77 8 81 6 145 134 15 62 43 65 102 127 83 10 51 149 95 86 143 96 80 44 32 99 73 56 35 9 91 18 104 98 140 13 142 92 48 17 28 141 45 124 119 36 126 50 47 135 68 72 2 117 58 40 130 (30643) Elapsed time: 1.63975 s
26 14 84 0 52 136 116 23 131 31 25 60 15 62 43 102 127 83 10 51 149 95 86 143 96 80 44 135 99 32 35 56 73 98 140 9 91 18 104 65 47 50 126 134 145 8 77 81 6 36 119 17 48 11 39 124 45 141 28 92 142 13 3 115 59 139 68 72 2 117 58 40 88 121 20 101 22 67 29 76 114 79 64 146 30 46 66 54 41 63 19 109 78 12 129 106 103 148 5 53 74 133 21 111 7 105 16 24 89 33 144 125 37 70 123 71 82 61 137 112 107 113 57 108 97 147 87 27 38 100 55 118 4 42 85 132 49 94 122 93 90 110 120 75 69 138 130 128 1 34 26 (31245) Elapsed time: 1.03879 s
133 74 21 7 111 105 16 24 89 33 144 108 97 147 87 27 38 37 70 123 71 125 112 107 113 57 100 55 118 4 42 85 132 49 94 93 122 90 128 130 138 120 110 69 75 101 22 1 34 67 29 76 114 79 146 64 129 106 26 84 39 11 115 3 142 92 48 17 28 36 119 15 62 43 65 47 102 127 83 10 51 149 95 86 143 96 80 44 32 99 73 56 35 13 140 98 91 18 104 9 135 68 117 58 2 72 88 40 121 20 139 59 45 124 23 116 31 131 60 25 77 8 81 6 145 134 50 126 141 136 0 52 14 12 78 109 19 63 54 41 66 30 46 103 148 5 53 137 82 61 133 (31021) Elapsed time: 1.25739 s
20 121 88 40 58 2 72 117 68 73 56 35 32 99 44 80 96 143 135 9 18 104 98 140 91 13 142 92 48 17 28 36 119 15 134 145 50 126 62 43 102 127 83 10 51 149 95 86 47 65 25 77 8 81 6 60 131 31 116 23 141 45 124 136 52 0 84 39 11 106 129 64 146 79 103 148 5 53 133 74 21 111 7 105 16 24 89 33 57 147 87 97 108 144 113 107 112 125 71 123 70 37 27 38 100 55 118 4 42 85 132 49 94 122 93 90 75 120 110 69 138 130 128 82 61 137 34 1 67 29 114 76 26 14 78 109 63 19 54 41 66 30 46 12 115 3 59 139 22 101 20 (31181) Elapsed time: 1.455 s
101 22 20 121 88 40 58 117 72 2 68 56 35 99 32 44 80 96 143 135 73 13 142 92 48 17 28 141 60 131 31 116 23 136 0 52 84 26 39 11 45 124 25 8 77 81 6 36 119 15 134 145 126 50 62 43 127 102 47 86 95 149 51 10 83 65 104 18 91 9 140 98 59 139 3 115 129 106 14 12 78 109 63 19 54 41 66 30 46 5 148 103 79 64 146 76 114 67 29 34 1 90 122 93 94 132 49 71 123 125 112 107 113 144 108 97 147 87 100 55 118 4 42 70 37 38 27 57 33 89 24 16 105 7 111 21 74 133 53 137 82 61 85 128 138 130 120 110 69 75 101 (30792) Elapsed time: 0.839318 s
18 104 91 9 98 140 13 142 92 48 17 28 36 119 15 134 145 126 50 62 43 65 102 127 47 83 10 51 149 95 86 143 96 80 44 32 99 73 56 35 135 68 139 59 115 3 11 39 0 52 136 116 23 31 131 60 25 8 77 81 6 141 45 124 84 26 14 12 78 109 63 19 54 41 66 30 46 133 74 21 111 7 105 16 24 89 33 57 100 37 38 27 147 87 97 108 144 113 107 112 125 123 71 82 61 137 53 5 148 103 79 146 64 129 106 114 76 1 34 67 29 88 40 58 72 2 117 121 20 22 101 69 110 120 75 130 138 128 94 122 93 90 49 132 85 4 42 55 118 70 18 (31230) Elapsed time: 1.25492 s
135 32 99 73 56 35 13 142 92 48 17 28 36 119 15 62 43 65 102 47 83 10 51 149 95 86 143 96 80 44 9 91 140 98 18 104 127 50 126 134 145 8 77 81 6 25 60 131 31 116 23 141 45 124 136 52 0 84 26 39 11 115 3 59 139 68 2 72 117 58 40 88 121 20 101 22 34 1 67 29 76 114 79 146 64 103 148 5 53 133 74 21 111 7 105 16 24 89 33 57 108 97 147 87 27 38 37 70 123 125 112 107 113 144 100 55 118 4 42 85 132 49 94 93 122 90 69 110 120 75 130 138 128 137 61 82 71 14 106 129 12 78 109 63 19 54 41 66 30 46 135 (31272) Elapsed time: 2.06384 s
47 102 127 83 10 51 149 95 86 96 143 135 99 32 44 80 73 56 35 13 9 18 104 140 98 91 65 43 62 50 126 134 145 77 25 60 131 31 116 23 136 124 45 141 28 17 48 92 142 3 115 59 139 68 2 72 117 58 40 88 121 20 101 22 34 1 67 29 76 114 79 146 64 129 106 14 12 78 109 63 19 41 54 66 30 46 5 148 103 53 133 74 21 111 7 105 16 24 89 33 144 108 97 147 87 27 38 37 70 123 71 82 61 137 112 107 113 57 125 100 55 118 4 42 85 132 49 94 90 122 93 75 120 110 69 138 130 128 52 0 84 26 39 11 6 81 8 36 119 15 47 (31237) Elapsed time: 1.25325 s
1 34 67 29 88 40 121 20 101 22 69 110 120 75 138 130 128 94 93 122 90 49 132 85 4 42 118 55 100 27 38 125 112 21 111 7 105 16 24 89 33 144 113 107 97 108 57 147 87 37 70 123 71 82 61 137 74 133 53 5 148 103 66 30 46 54 41 63 19 109 78 26 14 12 129 106 146 64 79 76 114 139 59 115 3 92 142 140 98 18 104 91 9 99 35 56 73 13 68 117 2 72 58 135 80 44 32 96 143 95 86 149 10 51 83 127 102 47 65 43 62 15 134 145 126 50 119 36 28 17 48 45 124 136 6 81 77 8 25 60 131 31 116 23 141 11 39 84 52 0 1 (30849) Elapsed time: 1.25318 s
37 70 123 71 132 49 94 122 93 90 75 120 110 69 138 130 128 42 4 118 55 100 27 38 125 112 107 113 144 108 97 147 87 57 33 89 24 16 105 7 111 21 74 133 53 5 148 103 30 46 66 54 41 19 63 109 78 12 129 106 64 146 79 76 114 29 67 34 1 22 101 20 121 88 40 58 72 2 117 68 139 59 3 115 11 39 26 84 0 52 136 116 31 131 60 8 77 81 6 25 36 119 15 134 145 126 50 62 43 65 47 102 127 83 10 51 149 95 86 96 143 135 73 56 35 13 140 98 18 104 91 9 44 32 99 80 142 92 48 17 28 141 45 124 23 14 61 82 137 85 37 (30473) Elapsed time: 1.25049 s
114 76 79 64 146 30 46 66 5 148 53 74 133 21 111 7 105 16 24 89 33 144 108 97 147 87 57 113 107 125 112 137 82 61 71 123 70 37 27 38 100 55 118 4 42 85 132 49 94 122 93 90 75 120 110 69 138 130 128 22 101 34 1 67 29 88 121 20 40 58 2 72 117 68 139 59 3 115 11 39 84 0 52 136 23 124 45 141 131 31 116 60 25 8 77 81 6 145 134 126 50 62 15 119 36 28 17 48 92 142 140 98 18 104 91 9 13 35 56 73 99 32 44 80 135 96 143 95 149 51 10 83 47 102 127 43 65 86 26 14 12 78 109 63 19 54 41 103 129 106 114 (31217) Elapsed time: 0.838912 s
65 102 47 127 83 10 51 149 95 86 143 96 80 44 32 99 73 56 35 9 91 18 104 140 98 13 142 92 48 17 28 36 119 15 134 145 126 50 62 43 81 77 8 25 60 131 31 116 23 141 45 124 11 39 26 14 84 0 52 136 6 135 68 2 72 117 58 40 88 121 20 101 22 34 1 67 29 79 146 64 129 106 12 78 109 19 63 54 41 66 30 46 133 74 21 111 7 105 16 24 89 33 108 97 87 147 27 38 37 70 123 71 125 112 107 113 144 57 100 55 118 4 42 85 132 49 94 122 90 69 110 120 75 130 138 128 93 82 61 137 53 5 148 103 76 114 139 59 3 115 65 (31325) Elapsed time: 1.64377 s
88 40 58 117 72 2 68 139 59 115 3 142 92 48 17 28 141 131 31 116 23 60 25 8 77 81 6 65 104 18 91 9 140 98 13 35 56 73 99 32 80 44 96 143 135 47 127 102 83 10 51 149 95 86 43 62 50 126 134 145 15 119 36 124 45 11 39 0 52 136 84 26 14 12 78 109 19 63 54 41 46 30 66 64 146 79 76 114 129 106 29 67 34 1 22 101 90 122 93 94 132 49 71 123 70 37 147 87 27 38 125 112 107 113 144 108 97 57 33 89 24 16 105 7 111 21 74 133 53 5 148 103 137 82 61 4 42 118 55 100 85 128 75 120 110 69 138 130 20 121 88 (30957) Elapsed time: 1.24446 s
131 31 116 23 141 60 25 6 81 77 8 145 134 15 62 43 102 47 83 10 51 127 50 126 65 104 18 91 9 140 98 13 142 92 48 17 28 45 124 136 0 52 84 26 14 12 78 109 19 63 41 54 66 30 46 103 148 5 53 133 74 137 112 107 125 38 37 70 100 55 118 4 42 85 132 49 71 123 27 147 87 57 33 89 24 16 105 7 111 21 113 144 108 97 61 82 34 1 67 29 22 101 69 110 120 75 138 130 128 94 93 122 90 20 121 88 40 58 117 2 72 68 73 56 35 99 32 80 44 96 143 135 86 95 149 3 115 59 139 114 76 79 146 64 129 106 39 11 119 36 131 (31183) Elapsed time: 0.624882 s
73 56 35 13 98 140 9 91 18 104 65 102 127 83 10 51 149 95 86 143 80 44 32 99 135 96 47 43 62 50 126 134 145 8 77 81 6 25 60 141 131 31 116 23 124 45 11 39 84 52 0 136 17 48 28 36 119 15 92 142 3 115 59 139 40 88 121 20 101 22 34 1 67 29 76 114 79 146 64 129 106 26 14 12 78 109 19 63 54 41 46 30 66 103 148 5 53 74 133 111 21 7 105 16 24 89 33 144 108 97 147 87 27 38 125 112 107 113 57 70 37 118 55 100 42 4 85 132 49 71 123 82 61 137 122 93 94 75 120 110 69 138 130 128 90 58 117 72 2 68 73 (31315) Elapsed time: 1.24708 s
135 96 80 44 32 99 73 56 35 13 142 92 48 17 28 36 119 15 134 145 50 126 62 43 65 47 102 127 83 10 51 149 95 86 143 98 140 9 91 18 104 3 115 59 139 68 2 72 117 58 40 88 29 67 34 1 22 101 20 121 110 69 138 130 128 93 122 90 120 75 94 85 132 49 71 82 61 137 112 107 113 144 108 97 147 87 27 37 70 123 125 38 100 55 118 4 42 57 33 89 24 16 105 7 111 21 74 133 53 5 148 103 79 76 114 14 12 78 109 63 19 54 41 66 30 46 64 146 129 106 26 84 0 52 136 124 45 11 39 23 116 31 131 60 25 77 8 81 6 141 135 (30713) Elapsed time: 1.48438 s
3 115 59 139 68 72 2 58 117 88 40 29 67 34 1 22 101 20 121 120 110 69 75 130 138 128 93 122 90 94 85 49 132 71 123 37 70 38 27 100 55 118 4 42 87 147 97 108 144 113 16 24 89 33 57 107 112 137 61 82 125 21 111 7 105 74 133 5 148 53 103 79 76 114 129 106 12 78 109 63 19 54 41 46 30 66 64 146 14 26 39 11 45 124 23 31 131 60 25 77 8 81 6 116 136 52 0 84 141 28 17 48 92 142 13 135 32 99 73 56 35 80 44 96 143 95 86 149 51 10 83 47 102 127 65 15 62 43 126 50 134 145 119 36 140 98 18 104 91 9 3 (30910) Elapsed time: 1.30794 s
65 43 62 126 50 134 145 8 77 81 6 25 60 131 31 116 23 141 28 17 48 92 142 3 115 59 139 68 72 2 117 58 40 88 121 20 101 22 69 110 120 75 130 138 128 93 122 90 94 132 49 71 123 125 107 113 144 33 89 24 16 105 7 111 21 74 133 53 5 148 103 79 146 64 129 106 12 78 109 19 63 54 41 66 30 46 137 112 87 147 97 108 57 100 55 118 4 42 85 70 37 38 27 82 61 34 1 67 29 76 114 14 39 26 84 0 52 136 124 45 11 36 119 15 47 102 127 83 10 51 149 95 86 143 96 80 44 32 99 73 56 35 13 9 91 18 104 98 140 135 65 (30536) Elapsed time: 1.94783 s
128 90 94 93 122 75 120 110 69 138 130 20 121 88 40 58 117 72 2 68 56 35 73 99 32 44 80 96 143 135 13 142 92 48 17 28 36 119 15 134 145 126 50 62 43 65 102 127 83 10 51 149 95 86 47 91 9 98 140 18 104 39 84 0 52 136 124 45 141 131 60 25 8 77 81 6 116 31 23 11 115 3 59 139 76 114 146 64 129 106 26 14 12 78 109 19 63 54 41 66 30 46 103 148 5 53 133 74 21 111 7 105 16 24 89 33 144 108 97 147 87 27 38 37 70 123 71 49 132 85 4 42 118 55 100 57 113 107 112 125 61 82 137 1 34 67 29 79 22 101 128 (30439) Elapsed time: 1.38405 s
128 20 121 88 40 72 2 117 58 139 59 3 115 11 45 124 136 0 52 84 14 78 12 129 106 26 39 48 17 28 119 36 60 131 31 116 23 141 25 8 77 81 6 145 134 50 126 15 62 43 102 127 83 10 51 149 95 86 47 65 18 104 98 140 91 9 35 56 73 99 32 44 80 96 143 135 68 13 142 92 114 76 79 146 64 30 66 46 41 54 19 63 109 103 148 5 53 133 74 21 111 7 105 16 24 89 33 144 108 57 87 147 97 100 55 118 4 42 85 132 49 61 82 71 123 70 37 27 38 125 112 107 113 137 1 34 67 29 22 101 69 110 120 75 130 138 122 93 90 94 128 (30897) Elapsed time: 1.09686 s
81 77 8 25 31 116 23 141 28 17 48 92 104 18 98 140 9 91 99 32 44 80 96 143 135 142 13 35 56 73 3 115 59 139 68 2 72 117 58 88 40 121 20 22 101 69 110 120 75 138 130 90 122 93 94 132 49 71 123 70 37 38 27 100 55 118 4 42 85 128 1 34 67 29 76 114 79 103 148 5 53 133 74 21 111 7 105 16 24 89 33 57 87 147 97 108 144 113 107 112 137 61 82 125 41 54 63 19 109 78 12 129 106 146 64 30 46 66 14 26 84 0 52 39 11 45 124 136 131 60 36 119 15 126 50 134 145 102 127 47 83 10 51 149 95 86 65 43 62 6 81 (31352) Elapsed time: 0.669593 s
84 0 52 136 124 45 141 131 31 116 23 60 25 77 8 81 6 145 134 15 62 43 65 102 47 83 10 51 149 95 86 143 96 80 44 32 99 73 56 35 13 98 140 9 91 18 104 142 92 48 17 28 36 119 50 126 127 135 68 72 2 58 117 88 121 20 101 22 67 34 1 29 114 76 79 103 148 5 53 133 74 21 111 7 105 16 113 107 112 125 38 27 87 147 97 108 57 33 89 24 144 61 82 137 123 71 70 37 100 55 118 4 42 85 132 49 94 90 93 122 75 120 110 69 138 130 128 40 139 59 3 115 11 39 26 14 78 109 63 19 41 54 66 30 46 64 146 129 106 12 84 (30573) Elapsed time: 1.7164 s
41 54 63 19 109 78 12 129 106 26 39 11 45 124 141 60 131 31 116 23 136 52 0 84 14 146 64 46 66 30 103 79 76 114 139 59 115 3 142 92 48 17 28 36 119 134 145 8 77 81 6 25 43 62 15 50 126 65 102 47 127 83 10 51 149 95 86 143 96 80 44 32 99 73 56 35 13 140 98 18 104 91 9 135 68 2 72 117 58 40 88 121 20 101 22 34 1 67 29 53 5 148 133 74 21 111 7 105 16 24 89 33 144 108 97 147 87 57 113 107 112 125 137 61 82 71 123 70 37 100 55 118 4 42 85 132 49 94 122 93 90 69 110 120 75 138 130 128 38 27 41 (30740) Elapsed time: 1.09895 s
115 3 142 98 140 18 104 91 9 35 56 73 80 44 99 32 135 143 96 83 10 51 149 86 95 47 102 127 43 65 92 48 17 28 36 119 15 62 50 126 134 145 8 77 81 6 25 60 131 31 116 23 141 45 124 136 52 0 84 26 14 12 78 109 63 19 54 41 46 30 66 146 64 129 106 114 76 79 103 148 5 53 133 74 21 111 7 105 16 24 89 33 57 108 97 147 87 27 38 37 70 123 71 82 61 137 112 107 113 144 125 118 55 100 4 42 85 132 49 94 122 93 90 69 110 120 75 138 130 128 139 59 68 72 2 117 58 40 88 121 20 101 22 34 1 67 29 13 11 39 115 (30906) Elapsed time: 1.32788 s
3 59 139 40 58 117 2 72 68 56 35 73 99 32 44 80 96 143 135 9 91 18 104 98 140 13 142 92 48 17 28 36 119 15 134 145 126 50 62 43 102 127 83 10 51 149 95 86 47 65 8 81 6 25 77 60 131 31 116 23 141 45 124 136 52 0 84 26 14 12 78 109 63 19 54 41 66 30 46 5 148 103 79 76 114 29 88 121 20 101 22 34 1 67 122 93 94 128 130 138 69 110 120 75 90 49 132 85 4 42 118 55 100 27 38 37 70 123 71 125 112 107 113 144 108 97 147 87 57 33 89 24 16 105 7 111 21 74 133 53 137 61 82 146 64 129 106 115 11 39 3 (29983) Elapsed time: 2.1368 s
91 140 98 142 13 56 35 73 99 32 80 96 143 135 68 2 72 117 58 40 88 121 20 101 22 138 130 69 110 120 75 128 94 122 93 90 55 118 4 42 85 132 49 82 61 137 133 74 107 113 144 108 97 147 87 27 37 70 38 125 71 123 100 57 33 89 24 16 105 7 111 21 112 53 5 148 103 79 146 64 129 106 26 14 12 78 109 19 63 54 41 46 30 66 34 1 67 29 76 114 139 59 115 3 92 48 11 39 84 52 0 136 23 116 31 131 141 45 124 28 17 36 119 15 62 43 127 102 83 10 51 149 95 86 47 65 126 50 134 145 8 77 81 6 25 60 18 104 9 44 91 (31353) Elapsed time: 0.87131 s
76 114 29 67 34 1 101 22 20 121 88 40 58 2 72 117 68 56 35 13 142 92 48 17 28 36 119 15 134 145 50 126 62 43 102 47 127 83 10 51 149 86 95 96 143 135 80 44 32 99 73 18 98 140 9 91 104 65 77 81 6 25 8 60 31 131 141 45 124 39 26 14 78 12 129 106 64 146 79 103 148 5 53 133 74 21 111 7 105 16 24 89 33 57 108 97 147 87 38 37 70 123 71 125 27 100 55 118 4 85 132 49 94 93 122 90 69 110 120 75 138 130 128 42 144 113 107 112 137 82 61 46 30 66 54 41 63 19 109 84 0 52 136 23 116 11 115 3 59 139 76 (31029) Elapsed time: 1.08756 s
37 70 38 27 100 55 118 4 42 85 132 49 94 93 122 90 120 110 69 75 130 138 128 20 121 88 40 58 117 2 72 68 73 56 35 32 99 44 80 96 143 135 13 140 98 18 104 91 9 142 92 48 17 28 36 119 15 62 43 127 102 47 83 10 51 149 95 86 65 50 126 134 145 77 8 81 6 25 60 131 31 116 23 141 45 124 136 52 0 84 26 14 78 109 19 63 54 41 66 30 46 103 148 5 53 133 74 21 111 7 105 16 24 89 33 144 113 107 112 108 97 147 87 57 125 61 82 137 71 123 22 101 67 29 76 114 79 146 64 129 106 12 39 11 115 3 59 139 1 34 37 (31295) Elapsed time: 1.38407 s
120 110 69 75 130 138 20 121 88 40 58 2 72 117 68 35 56 73 99 32 44 80 96 143 135 91 9 18 104 98 140 13 142 92 48 17 28 36 119 15 134 145 50 126 62 43 65 102 127 83 10 51 149 95 86 47 8 77 81 6 25 60 131 31 116 23 141 45 124 136 0 52 84 26 14 12 78 109 19 63 54 41 46 30 66 103 148 5 53 133 74 21 111 7 105 16 24 89 33 57 108 97 147 87 27 38 125 123 71 82 61 137 112 107 113 144 100 37 70 55 118 4 42 85 132 49 94 93 122 90 22 101 34 1 67 29 76 114 79 146 64 129 106 11 39 115 3 59 139 128 120 (29895) Elapsed time: 1.511 s
4 42 85 132 49 94 93 122 90 110 69 120 75 130 138 128 70 37 100 55 118 27 38 87 147 97 108 57 33 89 24 16 105 113 144 107 112 137 61 82 71 123 125 21 111 7 74 133 53 5 148 103 79 76 114 29 67 34 1 101 22 20 121 88 40 58 117 2 72 68 56 73 99 32 80 44 135 96 143 95 86 149 51 10 83 47 102 127 65 126 50 62 43 15 145 134 119 36 28 17 48 92 142 9 91 140 98 18 104 13 35 139 59 115 3 39 11 45 124 23 131 60 25 8 77 81 6 116 31 141 136 52 0 84 26 14 12 78 109 19 63 54 41 66 30 46 146 64 106 129 4 (31160) Elapsed time: 0.853612 s
141 124 45 28 17 48 92 3 115 59 139 40 88 58 72 2 117 68 73 56 35 99 32 80 44 96 143 135 13 142 91 9 140 98 18 104 65 102 127 83 10 51 149 95 86 47 145 134 50 126 62 43 15 119 36 60 25 8 77 81 6 116 23 131 31 136 52 0 84 26 14 12 78 109 19 63 54 41 66 30 46 146 64 129 106 114 76 79 103 148 5 53 133 74 21 111 7 105 16 24 89 33 57 108 97 147 87 27 38 37 70 123 71 82 61 137 112 107 113 144 125 100 55 118 4 42 85 132 49 94 93 122 90 120 110 69 130 138 75 128 22 101 20 121 29 67 34 1 39 11 141 (30411) Elapsed time: 1.2736 s
28 17 48 92 142 13 140 98 18 104 91 9 35 56 73 99 32 44 80 96 143 135 68 139 59 3 115 39 11 45 124 136 52 0 84 26 14 12 78 109 63 19 54 41 66 30 46 103 148 5 53 133 74 21 111 7 105 16 24 89 33 57 108 97 147 87 27 37 70 123 71 82 61 137 112 107 113 144 125 38 100 55 118 4 42 85 132 49 94 122 93 90 120 110 69 75 130 138 128 22 101 20 121 88 40 58 2 72 117 29 67 34 1 79 146 64 129 106 114 76 127 83 10 51 149 95 86 47 102 65 43 62 50 126 134 145 81 6 25 77 8 60 131 31 116 23 141 36 119 15 28 (30099) Elapsed time: 2.12159 s
137 82 61 71 123 70 37 27 38 100 55 118 4 42 85 132 49 94 90 122 93 75 120 69 110 138 130 128 101 22 1 34 67 29 76 114 79 103 148 5 53 133 74 21 111 7 105 16 24 89 33 144 108 97 87 147 57 113 107 112 125 46 30 66 54 41 63 19 109 78 12 129 106 64 146 14 26 0 52 84 39 11 124 141 28 17 48 92 142 13 9 98 140 91 18 104 65 43 62 50 126 134 145 8 77 81 6 25 60 131 31 116 23 136 45 36 119 15 127 102 47 83 10 51 149 95 86 143 96 80 44 32 99 73 56 35 135 68 139 59 3 115 88 121 20 58 117 72 2 40 137 (31309) Elapsed time: 1.25039 s
126 50 62 15 134 145 8 77 81 6 25 60 131 31 116 23 141 45 124 136 52 0 84 14 78 109 63 19 54 41 46 30 66 64 146 79 76 114 139 59 3 115 11 39 26 129 106 12 103 148 5 53 133 74 21 111 7 105 16 24 89 33 144 108 97 147 87 27 38 37 70 123 71 82 61 49 132 85 94 93 122 90 69 110 120 75 138 130 128 42 4 118 55 100 57 113 107 112 125 137 34 1 67 29 40 88 20 121 22 101 117 58 2 72 68 56 35 13 142 92 48 17 28 36 119 43 102 127 83 10 51 149 95 86 143 96 80 44 32 99 73 135 9 91 18 104 98 140 65 47 126 (30262) Elapsed time: 1.44679 s
102 127 83 10 51 149 95 86 143 96 80 44 56 73 35 13 142 3 115 139 59 106 76 114 79 146 64 129 12 78 109 63 19 54 41 66 30 46 53 148 5 103 133 74 21 111 7 105 16 24 89 33 144 108 97 57 147 87 27 38 37 70 55 118 4 42 85 132 49 61 82 137 112 107 113 125 123 71 100 93 122 94 90 69 75 120 110 138 130 128 101 22 34 1 67 29 40 88 121 20 117 58 2 72 68 135 99 32 9 91 18 104 140 98 47 65 119 36 28 17 48 92 11 39 26 14 84 52 0 136 124 45 141 60 131 31 116 23 25 6 81 77 8 145 134 15 62 43 126 50 102 (30953) Elapsed time: 0.847699 s
93 122 90 69 110 120 75 130 138 121 20 101 22 34 1 67 29 88 40 58 2 72 117 68 73 56 35 99 32 44 80 96 143 135 95 86 149 10 51 83 47 102 127 43 62 50 126 134 145 15 119 36 60 25 77 8 81 6 116 23 131 31 141 28 17 48 92 142 13 140 98 9 91 18 104 65 115 3 59 139 76 114 79 146 64 129 12 78 109 19 63 54 41 46 30 66 26 14 84 0 52 136 124 45 39 11 106 103 148 5 53 133 74 21 111 7 105 16 24 89 33 57 108 97 147 87 27 100 55 118 4 42 85 132 49 71 123 70 37 38 125 112 137 61 82 144 113 107 94 128 93 (30594) Elapsed time: 1.25579 s
113 144 108 97 147 87 27 38 37 70 4 42 85 132 49 61 82 137 112 107 125 71 123 100 55 118 57 33 89 24 16 105 7 111 21 74 133 53 5 148 103 79 76 114 106 129 12 78 109 19 63 54 41 66 30 46 146 64 14 26 84 0 52 136 23 31 116 25 77 8 81 6 60 131 141 45 124 28 17 48 92 142 13 9 91 18 104 98 140 35 56 73 99 32 80 96 143 135 44 83 10 51 149 95 86 127 102 47 65 43 62 15 134 145 50 126 119 36 11 39 115 3 59 139 68 2 72 117 58 40 88 121 20 120 110 69 75 138 130 128 122 93 94 90 101 22 67 29 1 34 113 (30684) Elapsed time: 1.37282 s
34 1 67 29 22 101 90 75 120 110 69 138 130 128 93 122 94 85 132 49 61 82 71 123 70 37 27 38 100 55 118 4 42 87 147 97 108 57 33 144 113 16 24 89 107 112 137 125 21 111 7 105 74 133 53 5 148 103 30 46 66 54 41 63 19 109 78 12 14 26 84 52 0 136 124 45 141 131 31 23 116 60 25 77 8 81 6 145 15 134 50 126 62 43 65 47 102 127 83 10 51 149 95 86 143 96 80 44 32 99 73 56 35 13 142 92 48 17 28 36 119 104 18 91 9 140 98 59 139 40 88 121 20 58 117 72 2 68 135 3 115 11 39 106 129 64 146 79 76 114 34 (30452) Elapsed time: 1.79887 s
44 80 96 143 135 32 99 73 56 35 13 142 92 3 115 59 139 76 114 79 146 64 129 106 26 14 12 78 109 19 63 54 41 46 30 66 5 148 103 53 133 74 21 111 7 105 16 24 89 33 144 108 97 147 87 27 100 55 118 4 42 85 132 49 61 82 137 112 107 113 57 125 38 37 70 123 71 90 122 93 94 75 120 110 69 138 130 128 121 20 22 101 34 1 67 29 40 88 58 2 72 117 68 91 9 140 98 18 104 65 43 62 15 134 145 126 50 119 36 28 17 48 11 39 84 0 52 136 23 116 124 45 141 131 60 25 77 8 81 6 31 102 127 47 83 10 51 149 95 86 44 (30746) Elapsed time: 1.49684 s
17 28 36 119 15 62 50 126 134 145 77 8 25 60 131 31 116 23 141 45 124 136 0 52 84 14 26 39 11 92 142 13 140 98 91 9 18 104 3 115 59 139 76 114 79 146 64 129 106 12 78 109 63 19 54 41 66 30 46 103 148 5 53 133 74 21 111 7 105 16 24 89 33 144 113 107 112 137 61 82 49 132 85 4 42 118 55 100 37 70 38 27 147 87 57 108 97 123 71 125 93 122 90 69 110 120 75 130 138 128 94 101 22 34 1 67 29 40 88 20 121 117 58 2 72 68 73 56 35 99 32 80 44 96 143 135 86 149 95 47 102 127 51 10 83 43 65 6 81 48 17 (30847) Elapsed time: 1.06575 s
14 12 78 109 63 19 54 41 46 30 66 64 146 79 76 114 103 148 5 53 133 74 21 111 7 105 16 24 89 33 144 108 97 147 87 27 38 37 70 123 71 125 82 61 137 112 107 113 57 100 55 118 4 42 85 94 93 122 90 75 120 110 69 138 130 128 132 49 29 67 34 1 22 101 20 121 88 40 58 72 2 117 68 73 56 35 32 99 135 44 80 96 143 95 86 127 102 47 83 10 51 149 36 28 17 48 92 142 13 98 140 9 91 18 104 65 43 62 50 126 134 145 15 119 60 25 77 8 81 6 116 23 131 31 141 45 124 136 52 0 84 39 11 115 3 59 139 106 129 26 14 (30260) Elapsed time: 1.44908 s
30 46 66 54 41 63 19 109 78 12 129 106 26 14 84 0 52 136 124 45 141 131 31 116 23 60 25 8 77 81 6 36 119 15 134 145 126 50 62 43 65 47 102 127 83 10 51 149 95 86 143 80 96 135 99 32 44 9 91 18 104 98 140 13 142 92 48 17 28 11 39 115 3 59 139 68 73 56 35 2 72 117 58 40 88 121 20 69 110 120 75 130 138 128 122 93 90 94 132 49 82 61 137 112 107 113 16 24 89 33 144 108 97 147 87 27 38 37 70 123 71 125 100 55 118 4 42 85 57 21 111 7 105 74 133 5 148 103 146 64 79 76 114 29 67 34 1 22 101 53 30 (30393) Elapsed time: 1.87052 s
56 35 32 44 80 96 143 135 99 73 68 72 2 58 117 40 88 121 20 101 22 67 29 34 1 82 61 137 112 107 125 71 123 70 37 100 55 118 4 42 85 132 49 94 93 122 90 69 110 120 138 130 75 128 108 97 147 87 38 27 57 89 33 144 113 16 24 105 7 111 21 74 133 148 5 53 103 64 146 106 129 12 78 109 63 19 54 41 66 30 46 114 76 79 139 59 3 115 11 39 14 26 84 52 0 136 124 45 141 23 116 31 131 60 25 77 8 81 6 145 134 15 50 126 62 43 119 36 28 17 48 92 142 13 98 140 9 91 18 104 65 102 127 83 10 51 149 95 86 47 56 (31047) Elapsed time: 0.833651 s
116 23 131 31 141 45 124 136 0 52 84 26 14 12 129 106 64 146 79 76 114 103 148 5 133 74 21 111 7 105 16 24 89 33 144 108 97 147 87 27 37 38 100 55 118 4 42 85 132 49 71 123 70 125 107 113 57 112 137 61 82 53 66 30 46 54 41 19 63 109 78 39 11 3 115 59 139 40 88 121 20 101 22 69 110 120 75 130 138 128 122 93 94 90 34 1 67 29 58 72 2 117 68 135 96 80 44 32 99 73 56 35 13 140 98 18 104 91 9 142 92 48 17 28 36 119 15 62 43 65 102 47 83 10 51 149 95 86 143 127 126 50 134 145 8 77 81 6 25 60 116 (30655) Elapsed time: 1.2586 s
72 2 117 58 40 88 20 121 69 110 120 75 130 138 22 101 90 122 93 94 128 4 42 85 132 49 82 61 137 112 107 113 16 24 89 33 144 108 97 147 87 57 27 37 100 55 118 70 123 71 38 125 21 111 7 105 41 54 19 63 109 78 12 129 106 14 26 84 0 52 136 23 31 131 60 119 36 28 17 48 92 142 13 98 140 9 91 18 104 73 56 35 32 99 135 80 44 96 143 95 51 10 83 149 86 127 102 47 65 43 62 15 134 50 126 145 8 77 81 6 25 116 141 124 45 11 39 115 3 59 139 114 76 79 103 46 30 66 64 146 148 5 133 74 53 34 1 67 29 68 72 (31194) Elapsed time: 0.627899 s
114 76 79 103 148 5 53 133 74 21 111 7 105 113 107 112 125 38 37 70 123 71 82 61 137 49 132 85 4 42 55 118 100 27 87 147 97 108 57 144 24 89 33 16 41 19 63 109 78 12 129 106 146 64 30 46 66 54 14 26 84 0 52 136 141 131 31 116 23 60 25 81 77 8 145 134 15 62 126 50 43 65 127 102 47 83 10 51 149 95 86 143 96 80 44 9 91 18 104 98 140 13 35 56 73 99 32 135 68 2 72 117 58 40 88 20 121 69 110 120 75 138 130 128 90 122 93 94 22 101 34 1 67 29 139 59 115 3 92 142 48 17 28 36 119 6 124 45 11 39 114 (30755) Elapsed time: 1.25611 s
111 21 7 105 16 24 89 33 144 113 107 112 125 38 37 70 123 71 82 61 137 74 133 53 5 148 103 79 76 114 106 12 78 109 63 19 54 41 30 46 66 64 146 129 26 14 84 0 52 136 116 31 131 60 25 8 77 81 6 124 45 141 23 28 17 48 92 142 13 140 98 9 91 44 80 32 99 73 56 35 68 139 59 3 115 11 39 36 119 15 134 145 126 50 62 43 65 47 102 127 83 10 51 149 95 86 143 96 135 104 18 58 72 2 117 40 88 121 20 1 34 67 29 22 101 69 110 120 75 138 130 128 90 122 93 94 132 49 85 4 42 118 55 100 27 147 87 97 108 57 111 (30835) Elapsed time: 1.1414 s
142 92 3 115 59 139 76 114 79 103 148 5 53 133 74 21 111 7 105 16 24 89 33 144 108 97 147 87 27 38 37 70 123 71 125 112 107 113 57 100 55 118 4 42 85 94 122 93 90 75 120 110 69 138 130 128 132 49 82 61 137 1 34 67 29 22 101 20 121 88 40 58 2 72 117 68 56 35 73 99 32 80 44 9 91 140 98 18 104 65 47 102 127 83 10 51 149 95 86 143 96 135 17 48 28 141 131 31 116 23 60 25 8 77 81 6 145 134 50 126 62 43 15 119 36 45 124 11 39 84 26 14 78 109 19 63 54 41 66 30 46 146 64 129 106 12 52 0 136 13 142 (31299) Elapsed time: 1.32831 s
85 132 49 61 82 137 112 107 113 144 108 97 147 87 27 38 37 70 123 71 125 100 55 118 4 42 94 93 122 90 110 69 75 120 138 130 128 20 121 88 40 58 2 72 117 68 139 59 115 3 142 98 140 9 91 18 104 13 35 56 73 99 32 44 80 96 143 135 95 86 149 10 51 83 127 102 47 65 43 62 50 126 134 145 15 119 36 28 17 48 92 11 39 84 0 52 136 23 116 31 131 60 25 77 8 81 6 141 45 124 26 14 12 78 109 19 63 54 41 66 30 46 103 148 5 53 133 74 21 111 7 105 16 24 89 33 57 1 34 67 29 76 114 79 146 64 129 106 101 22 85 (30724) Elapsed time: 1.43505 s
58 2 72 117 40 88 121 20 101 22 34 1 67 29 76 114 79 146 64 129 106 12 78 109 63 19 54 41 46 30 66 53 5 148 103 74 133 21 111 7 105 24 89 33 144 108 97 147 87 27 100 37 70 123 71 82 61 137 112 107 113 16 57 125 38 55 118 4 42 85 132 49 94 93 122 90 69 110 120 75 138 130 128 139 59 3 115 11 39 26 14 84 0 52 136 124 45 141 60 131 31 23 116 25 77 81 6 8 145 134 126 50 62 43 65 102 47 83 10 51 149 95 86 143 96 80 44 32 99 73 56 35 13 142 92 48 17 28 36 119 15 91 9 140 98 18 104 127 135 68 58 (31258) Elapsed time: 1.44894 s
30 46 66 54 41 63 19 109 78 12 129 106 26 14 84 0 52 136 23 116 31 131 141 45 124 11 39 115 3 142 92 48 17 28 36 119 15 134 145 8 77 81 6 25 60 65 43 62 126 50 127 102 47 83 10 51 149 95 86 143 96 80 44 32 99 73 56 35 13 140 98 18 104 91 9 135 68 139 59 114 76 79 146 64 103 148 5 53 133 74 21 111 7 105 16 24 89 33 144 108 97 147 87 38 27 100 55 118 4 42 85 132 49 94 122 93 90 69 110 120 75 130 138 20 121 88 40 58 117 72 2 1 34 67 29 22 101 128 82 61 137 112 107 113 57 125 71 123 70 37 30 (30956) Elapsed time: 1.45259 s
149 95 86 127 102 47 83 10 51 65 15 134 145 77 8 81 6 25 60 131 31 23 116 136 124 45 141 28 17 48 92 142 13 140 98 18 104 91 9 56 35 73 99 32 44 80 96 143 135 68 72 2 58 117 88 40 29 67 34 1 22 101 20 121 138 130 128 75 120 110 69 90 122 93 94 85 132 49 123 71 82 61 137 53 5 148 103 79 146 64 129 106 14 12 78 109 19 63 54 41 66 30 46 133 74 21 111 7 105 16 24 89 33 108 97 147 87 27 38 37 100 55 118 4 42 70 125 112 107 113 144 57 114 76 139 59 115 3 11 39 26 84 0 52 36 119 50 126 62 43 149 (31100) Elapsed time: 1.27521 s
5 53 133 74 21 111 7 105 16 24 89 33 144 108 57 97 147 87 27 38 37 70 123 71 82 61 137 112 107 113 125 100 55 118 4 42 85 132 49 94 93 122 90 69 110 120 75 130 138 128 101 22 34 1 67 29 40 88 121 20 117 72 2 58 68 73 56 35 13 140 98 91 9 44 80 96 143 135 86 95 149 10 51 83 47 102 127 43 62 126 50 134 145 8 77 81 6 25 60 131 31 116 23 141 124 45 28 17 48 92 142 3 115 11 39 26 84 0 52 136 36 119 15 65 18 104 32 99 59 139 76 114 79 146 64 129 106 12 78 109 63 19 54 41 66 30 46 103 148 14 5 (31173) Elapsed time: 1.70103 s
139 59 115 3 92 142 13 140 98 18 104 91 9 44 80 96 143 95 86 149 10 51 127 102 47 83 43 62 15 134 145 126 50 119 36 28 17 48 45 124 141 131 31 116 23 136 52 0 84 14 78 109 63 19 54 41 46 30 66 103 148 53 5 133 74 21 111 7 105 16 24 89 33 144 113 107 112 125 38 27 37 70 123 71 61 82 137 49 132 85 118 55 100 87 147 97 57 108 4 42 128 130 138 120 110 69 75 90 122 93 94 101 22 34 1 67 29 114 76 79 146 64 129 106 12 26 39 11 6 81 77 8 25 60 65 135 99 32 56 35 73 68 2 72 117 58 40 88 121 20 139 (31136) Elapsed time: 1.26218 s
107 113 16 24 89 33 57 97 108 144 147 87 27 100 55 118 4 42 85 94 93 122 90 75 120 110 69 138 130 128 132 49 71 123 70 37 38 125 112 137 82 61 21 111 7 105 46 30 66 54 41 63 19 109 78 12 64 146 129 106 26 14 84 52 0 136 116 23 31 131 141 60 25 77 8 81 6 145 134 15 62 43 65 102 47 83 10 51 149 95 86 96 143 135 99 32 80 44 35 56 73 13 9 91 98 140 18 104 142 92 48 28 17 36 119 126 50 127 3 115 11 39 124 45 59 139 68 2 72 117 58 40 88 121 20 101 22 1 34 67 29 76 114 79 103 148 5 53 133 74 107 (30682) Elapsed time: 1.26145 s
103 79 76 114 129 106 26 14 78 109 63 19 41 54 64 146 30 46 66 12 84 0 52 136 124 45 141 131 31 116 23 60 25 77 8 81 6 145 134 15 62 50 126 119 36 28 17 48 92 142 13 35 56 73 99 32 44 80 96 143 135 68 139 59 3 115 11 39 65 43 102 127 83 10 51 149 95 86 47 9 91 18 104 98 140 72 2 58 117 40 88 121 20 101 22 34 1 67 29 128 130 138 110 69 120 75 90 122 93 94 49 132 85 4 42 118 55 100 27 37 70 123 71 82 61 137 112 21 111 7 105 16 24 89 33 144 108 97 57 87 147 38 125 107 113 133 74 53 5 148 103 (31148) Elapsed time: 1.4456 s
75 110 120 138 130 128 94 93 122 90 69 20 121 88 40 58 117 72 2 68 139 59 115 3 142 13 56 35 73 99 32 44 80 96 143 135 91 9 140 98 18 104 92 48 17 28 36 119 15 134 145 50 126 62 43 65 102 47 83 10 51 149 95 86 127 60 25 77 81 6 8 31 23 116 131 141 45 124 11 39 26 14 84 52 0 136 66 30 46 54 41 63 19 109 78 12 129 106 64 146 76 114 79 103 148 5 53 133 74 21 111 7 105 16 24 89 33 144 108 97 147 87 27 38 37 70 123 71 82 61 137 112 107 113 57 125 132 49 85 4 42 55 118 100 1 34 67 29 22 101 75 (31348) Elapsed time: 1.25158 s
25 8 77 81 6 116 23 124 45 141 131 31 60 36 119 15 134 145 126 50 62 43 65 102 47 83 10 51 149 95 86 127 104 91 9 140 98 18 44 80 96 143 135 32 99 73 56 35 13 142 92 48 17 28 11 39 26 14 12 129 106 64 146 79 103 148 5 53 133 74 21 7 111 105 16 24 89 33 144 108 97 57 147 87 27 38 37 70 123 71 82 61 137 112 107 113 125 49 132 85 4 118 55 100 42 94 93 122 90 75 120 110 69 138 130 128 101 22 34 1 67 29 76 114 139 59 3 115 68 72 2 117 58 40 88 121 20 46 30 66 54 41 19 63 109 78 84 0 52 136 25 (31151) Elapsed time: 1.48115 s
32 99 73 56 35 13 142 3 115 59 139 68 135 2 72 117 58 88 40 29 67 34 1 22 101 20 121 110 69 75 120 138 130 128 122 93 90 94 85 132 49 82 61 137 112 107 113 16 24 89 33 144 108 97 147 87 27 38 37 70 123 71 125 100 55 118 4 42 57 21 111 7 105 74 133 53 5 148 103 79 76 114 146 64 30 46 66 54 41 63 19 109 78 12 129 106 14 26 84 0 52 136 124 45 141 131 31 116 23 60 25 77 8 81 6 145 134 15 119 36 28 17 48 92 104 18 140 98 91 9 44 80 96 143 95 86 149 51 10 83 47 102 127 43 62 50 126 65 11 39 32 (30959) Elapsed time: 1.45063 s
81 77 8 25 60 131 31 116 23 141 28 17 48 92 142 13 9 91 18 104 98 140 35 56 73 99 32 44 80 96 143 135 68 2 72 117 58 40 88 121 20 101 22 110 69 138 130 120 75 90 93 122 94 132 49 71 123 70 37 100 27 38 125 112 107 113 144 108 97 147 87 57 33 89 24 16 105 7 111 21 74 133 5 148 103 79 146 64 129 106 12 78 109 19 63 54 41 66 30 46 53 137 61 82 85 4 118 55 42 128 67 29 1 34 114 76 139 59 3 115 11 39 26 14 84 0 52 136 124 45 6 119 36 15 134 145 50 126 62 43 65 102 127 83 10 51 149 95 86 47 81 (30770) Elapsed time: 1.66222 s
139 59 3 115 11 45 124 136 23 116 31 131 60 25 77 8 81 6 36 119 15 134 145 50 126 62 43 65 102 127 83 10 51 149 95 86 47 18 104 98 140 91 9 56 35 73 99 32 44 80 96 143 135 68 2 72 117 58 40 88 121 20 101 22 90 110 69 120 75 130 138 128 94 122 93 132 49 85 4 42 118 55 100 27 38 37 70 123 71 82 61 137 112 125 107 113 144 108 97 87 147 57 33 89 24 16 105 7 111 21 74 133 53 5 148 103 79 76 114 64 146 129 106 12 78 109 63 19 54 41 66 30 46 1 34 67 29 14 26 84 0 52 39 141 28 17 48 92 142 13 139 (29755) Elapsed time: 1.4427 s
127 102 47 83 10 51 149 95 86 96 143 80 44 32 99 73 56 35 13 91 9 98 140 18 104 65 43 62 50 126 134 145 15 119 36 28 17 48 92 142 3 115 59 139 68 135 2 72 117 58 40 88 121 20 101 22 34 1 67 29 76 114 79 103 148 5 53 133 74 21 111 7 105 16 24 89 33 144 113 107 112 137 82 61 71 123 70 37 100 55 118 4 42 85 132 49 94 122 93 90 120 75 110 69 128 130 138 97 108 57 147 87 27 38 125 46 30 66 54 41 19 63 109 78 12 64 146 129 106 26 14 39 84 0 52 136 124 45 11 23 116 31 131 60 25 77 8 81 6 141 127 (31222) Elapsed time: 1.45975 s
56 35 73 99 32 44 80 96 143 135 13 142 3 115 59 139 68 2 72 117 58 40 88 121 20 67 29 79 76 114 129 106 12 78 109 63 19 54 41 66 30 46 133 74 21 111 7 105 16 24 89 33 144 108 97 147 87 57 107 113 125 112 137 61 82 71 123 70 37 38 27 100 55 118 4 42 85 132 49 94 93 122 90 110 75 120 69 138 130 128 101 22 34 1 103 148 5 53 146 64 26 14 84 52 0 136 23 131 60 25 8 77 81 6 116 31 141 28 17 48 92 11 39 45 124 119 36 134 145 50 126 62 43 65 102 127 83 51 10 149 95 86 47 15 104 18 91 9 140 98 56 (30849) Elapsed time: 1.04372 s
sredni czas: 1.44446 s