5 6 14 15 9 1 10 12 13 2 0 11 7 8 16 3 4 5 (39) Elapsed time: 0.0009809 s
14 5 6 15 9 1 10 12 2 13 11 0 7 8 16 4 3 14 (39) Elapsed time: 0.0026527 s
15 5 6 14 4 3 8 7 16 9 1 10 12 2 13 0 11 15 (39) Elapsed time: 0.0054234 s
1 9 10 12 15 5 6 14 4 3 16 7 8 0 11 2 13 1 (39) Elapsed time: 0.0020408 s
2 13 12 1 9 10 8 7 16 4 3 15 5 6 14 11 0 2 (39) Elapsed time: 0.0028745 s
8 7 16 9 1 10 12 13 2 0 11 15 5 6 14 4 3 8 (39) Elapsed time: 0.0059689 s
7 8 16 9 1 10 12 13 2 11 0 5 6 14 15 3 4 7 (39) Elapsed time: 0.005893 s
1 9 10 12 13 2 11 0 5 6 14 15 3 4 16 7 8 1 (39) Elapsed time: 0.0019824 s
5 6 14 15 12 1 9 10 2 13 0 11 7 8 16 3 4 5 (39) Elapsed time: 0.0059329 s
1 9 10 12 13 2 11 0 6 5 14 15 3 4 16 7 8 1 (39) Elapsed time: 0.002293 s
4 3 15 5 6 14 1 9 10 12 13 2 0 11 16 7 8 4 (39) Elapsed time: 0.0048732 s
15 5 6 14 3 4 8 7 16 1 9 10 12 13 2 0 11 15 (39) Elapsed time: 0.0055806 s
9 1 10 12 13 2 0 11 8 7 16 4 3 14 5 6 15 9 (39) Elapsed time: 0.0092712 s
12 1 9 10 13 2 0 11 14 5 6 15 4 3 7 8 16 12 (39) Elapsed time: 0.006133 s
4 3 8 7 16 11 0 2 13 1 9 10 12 6 5 14 15 4 (39) Elapsed time: 0.0026738 s
10 1 9 12 6 5 14 15 3 4 8 7 16 11 0 13 2 10 (39) Elapsed time: 0.0045165 s
1 9 10 12 7 8 16 4 3 5 6 14 15 11 0 2 13 1 (39) Elapsed time: 0.002491 s
7 8 16 1 9 10 12 13 2 0 11 5 6 14 15 4 3 7 (39) Elapsed time: 0.0044691 s
4 3 7 8 16 12 1 9 10 2 13 0 11 6 5 14 15 4 (39) Elapsed time: 0.0029651 s
4 3 14 5 6 15 10 1 9 12 2 13 0 11 8 7 16 4 (39) Elapsed time: 0.0021486 s
3 4 6 5 14 15 9 1 10 12 13 2 0 11 8 7 16 3 (39) Elapsed time: 0.0032509 s
2 13 1 9 10 12 7 8 16 4 3 5 6 14 15 0 11 2 (39) Elapsed time: 0.0031229 s
4 3 15 5 6 14 12 1 9 10 2 13 0 11 7 8 16 4 (39) Elapsed time: 0.0034035 s
6 5 14 15 1 9 10 12 13 2 0 11 7 8 16 3 4 6 (39) Elapsed time: 0.0052773 s
8 7 16 12 1 9 10 13 2 11 0 15 5 6 14 3 4 8 (39) Elapsed time: 0.004414 s
1 9 10 12 13 2 11 0 7 8 16 3 4 6 5 14 15 1 (39) Elapsed time: 0.0021435 s
7 8 16 3 4 6 5 14 15 9 1 10 12 2 13 11 0 7 (39) Elapsed time: 0.0054149 s
7 8 16 1 9 10 12 13 2 0 11 5 6 14 15 3 4 7 (39) Elapsed time: 0.0019183 s
1 9 10 12 13 2 11 0 6 5 14 15 3 4 7 8 16 1 (39) Elapsed time: 0.0025082 s
3 4 14 5 6 15 12 1 9 10 13 2 0 11 16 7 8 3 (39) Elapsed time: 0.0026598 s
1 9 10 12 8 7 16 4 3 5 6 14 15 0 11 13 2 1 (39) Elapsed time: 0.0022853 s
5 6 14 15 9 1 10 12 2 13 11 0 8 7 16 4 3 5 (39) Elapsed time: 0.0044133 s
3 4 6 5 14 15 12 1 9 10 13 2 11 0 7 8 16 3 (39) Elapsed time: 0.0036424 s
6 5 14 15 1 9 10 12 2 13 11 0 16 7 8 4 3 6 (39) Elapsed time: 0.0070775 s
3 4 15 5 6 14 9 1 10 12 13 2 0 11 7 8 16 3 (39) Elapsed time: 0.0029984 s
2 13 12 1 9 10 14 5 6 15 3 4 8 7 16 11 0 2 (39) Elapsed time: 0.003551 s
0 11 15 5 6 14 3 4 16 7 8 10 1 9 12 2 13 0 (39) Elapsed time: 0.0010347 s
5 6 14 15 1 9 10 12 2 13 11 0 8 7 16 4 3 5 (39) Elapsed time: 0.0034837 s
3 4 16 7 8 10 1 9 12 13 2 0 11 6 5 14 15 3 (39) Elapsed time: 0.0047279 s
1 9 10 12 6 5 14 15 3 4 7 8 16 11 0 13 2 1 (39) Elapsed time: 0.0019633 s
4 3 14 5 6 15 9 1 10 12 13 2 0 11 16 7 8 4 (39) Elapsed time: 0.0040408 s
4 3 14 5 6 15 12 1 9 10 2 13 11 0 8 7 16 4 (39) Elapsed time: 0.0036138 s
6 5 14 15 4 3 16 7 8 0 11 2 13 12 1 9 10 6 (39) Elapsed time: 0.0036871 s
12 1 9 10 13 2 0 11 5 6 14 15 3 4 16 7 8 12 (39) Elapsed time: 0.0039283 s
5 6 14 15 12 1 9 10 2 13 0 11 16 7 8 4 3 5 (39) Elapsed time: 0.0061507 s
1 9 10 12 2 13 11 0 15 5 6 14 4 3 16 7 8 1 (39) Elapsed time: 0.0020595 s
3 4 14 5 6 15 12 1 9 10 2 13 11 0 7 8 16 3 (39) Elapsed time: 0.0034691 s
7 8 16 10 1 9 12 13 2 11 0 5 6 14 15 3 4 7 (39) Elapsed time: 0.0045954 s
1 9 10 12 14 5 6 15 3 4 16 7 8 11 0 2 13 1 (39) Elapsed time: 0.0024895 s
4 3 15 5 6 14 9 1 10 12 13 2 11 0 7 8 16 4 (39) Elapsed time: 0.0043179 s
6 5 14 15 9 1 10 12 13 2 11 0 7 8 16 3 4 6 (39) Elapsed time: 0.0020823 s
1 9 10 12 13 2 0 11 16 7 8 3 4 5 6 14 15 1 (39) Elapsed time: 0.0028609 s
16 7 8 10 1 9 12 13 2 11 0 14 5 6 15 4 3 16 (39) Elapsed time: 0.0067706 s
2 13 0 11 14 5 6 15 3 4 16 7 8 1 9 10 12 2 (39) Elapsed time: 0.0032395 s
4 3 6 5 14 15 10 1 9 12 2 13 11 0 16 7 8 4 (39) Elapsed time: 0.0033773 s
8 7 16 12 1 9 10 13 2 0 11 5 6 14 15 3 4 8 (39) Elapsed time: 0.0033027 s
5 6 14 15 4 3 7 8 16 12 1 9 10 2 13 11 0 5 (39) Elapsed time: 0.004161 s
10 1 9 12 6 5 14 15 4 3 8 7 16 11 0 13 2 10 (39) Elapsed time: 0.0064361 s
4 3 8 7 16 12 1 9 10 2 13 0 11 5 6 14 15 4 (39) Elapsed time: 0.0039294 s
9 1 10 12 6 5 14 15 4 3 7 8 16 0 11 2 13 9 (39) Elapsed time: 0.0058632 s
6 5 14 15 9 1 10 12 2 13 11 0 16 7 8 3 4 6 (39) Elapsed time: 0.003293 s
5 6 14 15 3 4 16 7 8 0 11 13 2 12 1 9 10 5 (39) Elapsed time: 0.0052995 s
5 6 14 15 11 0 2 13 10 1 9 12 16 7 8 3 4 5 (39) Elapsed time: 0.0048727 s
3 4 15 5 6 14 1 9 10 12 2 13 0 11 7 8 16 3 (39) Elapsed time: 0.0056045 s
6 5 14 15 9 1 10 12 13 2 0 11 8 7 16 4 3 6 (39) Elapsed time: 0.0047139 s
8 7 16 10 1 9 12 2 13 0 11 14 5 6 15 3 4 8 (39) Elapsed time: 0.0045179 s
7 8 16 1 9 10 12 2 13 0 11 5 6 14 15 3 4 7 (39) Elapsed time: 0.0047762 s
1 9 10 12 8 7 16 4 3 6 5 14 15 0 11 13 2 1 (39) Elapsed time: 0.0025448 s
6 5 14 15 1 9 10 12 13 2 11 0 16 7 8 4 3 6 (39) Elapsed time: 0.0039997 s
9 1 10 12 13 2 11 0 6 5 14 15 4 3 8 7 16 9 (39) Elapsed time: 0.0030133 s
4 3 5 6 14 15 12 1 9 10 2 13 0 11 16 7 8 4 (39) Elapsed time: 0.0036038 s
1 9 10 12 13 2 11 0 16 7 8 4 3 5 6 14 15 1 (39) Elapsed time: 0.0019949 s
8 7 16 11 0 2 13 10 1 9 12 5 6 14 15 3 4 8 (39) Elapsed time: 0.0058496 s
7 8 16 9 1 10 12 2 13 11 0 5 6 14 15 3 4 7 (39) Elapsed time: 0.0039738 s
5 6 14 15 10 1 9 12 2 13 0 11 8 7 16 4 3 5 (39) Elapsed time: 0.0054138 s
4 3 14 5 6 15 10 1 9 12 13 2 0 11 7 8 16 4 (39) Elapsed time: 0.002221 s
3 4 6 5 14 15 10 1 9 12 13 2 11 0 16 7 8 3 (39) Elapsed time: 0.0031935 s
6 5 14 15 10 1 9 12 2 13 0 11 16 7 8 4 3 6 (39) Elapsed time: 0.0048458 s
4 3 6 5 14 15 9 1 10 12 13 2 11 0 8 7 16 4 (39) Elapsed time: 0.0044609 s
10 1 9 12 5 6 14 15 3 4 16 7 8 0 11 13 2 10 (39) Elapsed time: 0.0051187 s
15 5 6 14 10 1 9 12 13 2 11 0 7 8 16 3 4 15 (39) Elapsed time: 0.0045993 s
3 4 7 8 16 0 11 13 2 12 1 9 10 14 5 6 15 3 (39) Elapsed time: 0.0029266 s
3 4 7 8 16 10 1 9 12 13 2 0 11 6 5 14 15 3 (39) Elapsed time: 0.0033807 s
7 8 16 12 1 9 10 2 13 0 11 5 6 14 15 3 4 7 (39) Elapsed time: 0.0033134 s
4 3 6 5 14 15 1 9 10 12 2 13 0 11 16 7 8 4 (39) Elapsed time: 0.0032539 s
5 6 14 15 4 3 16 7 8 12 1 9 10 2 13 11 0 5 (39) Elapsed time: 0.0049978 s
2 13 9 1 10 12 8 7 16 3 4 6 5 14 15 0 11 2 (39) Elapsed time: 0.0021565 s
4 3 6 5 14 15 10 1 9 12 13 2 0 11 7 8 16 4 (39) Elapsed time: 0.0037826 s
0 11 2 13 9 1 10 12 7 8 16 4 3 14 5 6 15 0 (39) Elapsed time: 0.0012075 s
16 7 8 0 11 2 13 1 9 10 12 15 5 6 14 4 3 16 (39) Elapsed time: 0.0042322 s
0 11 14 5 6 15 4 3 8 7 16 1 9 10 12 13 2 0 (39) Elapsed time: 0.0007448 s
4 3 6 5 14 15 12 1 9 10 2 13 0 11 7 8 16 4 (39) Elapsed time: 0.0050405 s
1 9 10 12 16 7 8 4 3 15 5 6 14 11 0 2 13 1 (39) Elapsed time: 0.0042838 s
4 3 5 6 14 15 12 1 9 10 2 13 0 11 16 7 8 4 (39) Elapsed time: 0.0045534 s
3 4 5 6 14 15 9 1 10 12 2 13 0 11 16 7 8 3 (39) Elapsed time: 0.0030794 s
7 8 16 12 1 9 10 13 2 11 0 6 5 14 15 3 4 7 (39) Elapsed time: 0.0037911 s
4 3 15 5 6 14 12 1 9 10 2 13 0 11 16 7 8 4 (39) Elapsed time: 0.0046337 s
1 9 10 12 13 2 11 0 14 5 6 15 4 3 16 7 8 1 (39) Elapsed time: 0.0025095 s
2 13 10 1 9 12 7 8 16 3 4 5 6 14 15 0 11 2 (39) Elapsed time: 0.0032637 s
8 7 16 10 1 9 12 2 13 0 11 14 5 6 15 3 4 8 (39) Elapsed time: 0.0031399 s
sredni czas: 0.00383032 s