5 3 10 0 1 7 9 11 2 6 8 4 5 (315) Elapsed time: 0.003461 s
11 2 6 4 8 1 0 10 5 3 9 7 11 (307) Elapsed time: 0.0087059 s
1 9 7 8 4 6 2 11 5 3 10 0 1 (298) Elapsed time: 0.0028181 s
3 7 9 11 2 6 4 8 1 0 10 5 3 (284) Elapsed time: 0.0019598 s
7 9 11 2 6 4 8 1 0 3 5 10 7 (307) Elapsed time: 0.0042533 s
8 4 6 2 11 9 7 5 3 10 0 1 8 (264) Elapsed time: 0.0072699 s
0 10 5 3 7 9 11 2 6 8 4 1 0 (303) Elapsed time: 0.0009283 s
4 6 8 1 0 10 3 5 7 9 11 2 4 (289) Elapsed time: 0.0056812 s
0 10 5 3 7 9 11 2 6 8 4 1 0 (303) Elapsed time: 0.0030934 s
8 1 0 10 3 5 7 9 11 2 6 4 8 (264) Elapsed time: 0.0046127 s
3 5 7 10 0 1 8 4 6 2 11 9 3 (307) Elapsed time: 0.0043082 s
5 3 10 0 1 7 9 11 2 6 4 8 5 (296) Elapsed time: 0.0038018 s
9 7 5 3 10 0 1 8 4 6 2 11 9 (264) Elapsed time: 0.0071771 s
0 1 8 4 6 2 11 9 7 5 3 10 0 (264) Elapsed time: 0.0019312 s
8 6 2 11 9 7 5 3 10 0 1 4 8 (283) Elapsed time: 0.0081362 s
8 4 6 2 11 9 7 5 3 10 0 1 8 (264) Elapsed time: 0.00404 s
9 7 1 0 10 3 5 11 2 6 4 8 9 (286) Elapsed time: 0.0072885 s
0 1 7 9 11 2 6 4 8 5 3 10 0 (296) Elapsed time: 0.0039592 s
6 4 8 1 0 10 3 5 7 9 11 2 6 (264) Elapsed time: 0.0089544 s
10 0 1 8 4 6 2 11 9 7 3 5 10 (284) Elapsed time: 0.017302 s
9 6 4 8 1 0 10 3 5 2 11 7 9 (316) Elapsed time: 0.0063256 s
9 7 1 8 4 6 2 11 5 3 10 0 9 (306) Elapsed time: 0.0104035 s
9 1 0 10 3 5 7 8 4 6 2 11 9 (290) Elapsed time: 0.010632 s
3 10 0 1 8 6 4 2 11 9 7 5 3 (289) Elapsed time: 0.0030437 s
7 9 3 10 0 1 8 4 6 2 11 5 7 (307) Elapsed time: 0.0113306 s
5 3 10 0 1 4 8 6 2 11 9 7 5 (283) Elapsed time: 0.0076342 s
9 7 1 0 10 3 5 11 2 6 8 4 9 (303) Elapsed time: 0.0167519 s
2 11 9 7 5 3 10 0 1 8 6 4 2 (289) Elapsed time: 0.0058749 s
4 8 1 0 10 3 5 11 2 9 7 6 4 (305) Elapsed time: 0.0036954 s
7 9 11 2 6 4 8 1 0 10 3 5 7 (264) Elapsed time: 0.0126889 s
6 2 11 9 7 5 3 10 0 1 8 4 6 (264) Elapsed time: 0.0061272 s
7 9 11 2 6 4 8 1 0 10 5 3 7 (284) Elapsed time: 0.0074626 s
7 9 11 2 6 8 4 1 5 3 10 0 7 (316) Elapsed time: 0.0056707 s
10 3 5 7 9 11 2 4 6 8 1 0 10 (289) Elapsed time: 0.0046914 s
8 4 6 2 11 9 5 3 10 7 0 1 8 (307) Elapsed time: 0.0071761 s
5 3 7 9 11 2 6 4 8 1 0 10 5 (284) Elapsed time: 0.0045306 s
8 1 0 10 5 3 7 9 11 2 6 4 8 (284) Elapsed time: 0.0102934 s
4 8 6 2 11 9 7 5 3 10 0 1 4 (283) Elapsed time: 0.0076 s
3 5 7 9 11 2 4 6 8 1 0 10 3 (289) Elapsed time: 0.0055842 s
9 7 1 0 10 3 5 11 2 6 4 8 9 (286) Elapsed time: 0.0095764 s
0 1 8 4 6 2 11 9 7 5 3 10 0 (264) Elapsed time: 0.0047795 s
5 3 10 0 1 8 4 6 2 11 9 7 5 (264) Elapsed time: 0.0131946 s
8 4 6 2 11 5 3 10 0 1 7 9 8 (286) Elapsed time: 0.0064025 s
9 7 5 3 10 0 1 4 8 6 2 11 9 (283) Elapsed time: 0.0090322 s
2 11 9 7 5 3 10 0 1 8 4 6 2 (264) Elapsed time: 0.0093679 s
7 9 11 2 6 4 8 1 0 10 3 5 7 (264) Elapsed time: 0.0110106 s
4 8 6 2 11 9 7 1 0 10 3 5 4 (315) Elapsed time: 0.0083049 s
1 8 4 6 2 11 9 7 5 3 10 0 1 (264) Elapsed time: 0.0129483 s
3 10 0 1 8 4 6 2 11 9 7 5 3 (264) Elapsed time: 0.013178 s
3 5 7 1 8 4 6 2 11 9 0 10 3 (298) Elapsed time: 0.0157811 s
11 2 6 4 8 9 7 1 0 10 3 5 11 (286) Elapsed time: 0.0126422 s
5 3 10 0 1 8 4 6 2 11 9 7 5 (264) Elapsed time: 0.0173321 s
5 3 10 0 1 7 9 11 2 6 4 8 5 (296) Elapsed time: 0.0086593 s
9 7 1 0 10 3 5 11 2 6 8 4 9 (303) Elapsed time: 0.0074523 s
5 3 10 0 1 8 4 6 2 11 9 7 5 (264) Elapsed time: 0.0058199 s
9 11 7 5 3 10 0 1 8 4 6 2 9 (290) Elapsed time: 0.00322 s
10 0 7 9 11 2 6 8 4 1 5 3 10 (316) Elapsed time: 0.0073025 s
8 6 2 11 5 3 10 0 1 7 9 4 8 (303) Elapsed time: 0.0091814 s
5 3 10 7 9 11 2 6 4 8 1 0 5 (301) Elapsed time: 0.0086299 s
1 7 9 11 2 6 4 8 5 3 10 0 1 (296) Elapsed time: 0.0044809 s
4 6 2 11 9 7 5 3 10 0 1 8 4 (264) Elapsed time: 0.0048618 s
2 11 9 7 5 3 10 0 1 8 4 6 2 (264) Elapsed time: 0.0064563 s
9 7 5 3 10 0 1 8 4 6 2 11 9 (264) Elapsed time: 0.0085371 s
6 2 11 9 7 5 3 10 0 1 4 8 6 (283) Elapsed time: 0.0080197 s
10 3 5 7 9 11 2 6 8 4 1 0 10 (283) Elapsed time: 0.0093931 s
0 10 3 5 11 2 6 4 8 9 7 1 0 (286) Elapsed time: 0.0017729 s
1 8 4 6 9 11 2 7 5 3 10 0 1 (300) Elapsed time: 0.0040039 s
6 4 8 9 1 0 10 3 5 7 11 2 6 (298) Elapsed time: 0.0043072 s
5 3 10 0 1 7 9 11 2 6 4 8 5 (296) Elapsed time: 0.0095124 s
10 0 1 7 9 11 2 6 4 8 5 3 10 (296) Elapsed time: 0.0048332 s
8 4 6 2 11 9 7 3 5 10 0 1 8 (284) Elapsed time: 0.0045208 s
9 7 5 3 10 0 1 8 4 6 2 11 9 (264) Elapsed time: 0.0071524 s
2 11 9 7 5 3 10 0 1 4 8 6 2 (283) Elapsed time: 0.0064236 s
4 8 1 0 10 3 5 7 9 2 11 6 4 (286) Elapsed time: 0.0047021 s
11 9 7 5 3 10 0 1 8 6 4 2 11 (289) Elapsed time: 0.0073233 s
3 5 7 8 4 6 11 2 9 1 0 10 3 (312) Elapsed time: 0.0033432 s
0 1 4 8 6 2 11 9 7 5 3 10 0 (283) Elapsed time: 0.0045821 s
10 3 5 7 9 11 2 6 4 8 1 0 10 (264) Elapsed time: 0.0040165 s
1 8 4 6 2 11 9 7 0 10 3 5 1 (297) Elapsed time: 0.0047235 s
8 6 2 11 7 1 0 10 3 5 9 4 8 (315) Elapsed time: 0.0088727 s
9 7 11 2 6 4 8 1 0 10 3 5 9 (284) Elapsed time: 0.005802 s
11 2 9 7 5 3 10 0 1 8 4 6 11 (286) Elapsed time: 0.0096954 s
0 1 8 6 4 11 2 9 7 5 3 10 0 (309) Elapsed time: 0.0020725 s
3 10 7 9 11 2 6 4 8 1 0 5 3 (301) Elapsed time: 0.0090751 s
5 7 9 11 2 6 8 4 1 0 10 3 5 (283) Elapsed time: 0.0060907 s
0 10 3 5 7 9 11 2 6 4 8 1 0 (264) Elapsed time: 0.0052108 s
11 5 3 10 0 1 8 4 6 9 7 2 11 (308) Elapsed time: 0.005823 s
9 11 2 6 4 8 1 7 5 3 10 0 9 (298) Elapsed time: 0.0127385 s
2 6 4 8 1 0 10 5 3 7 9 11 2 (284) Elapsed time: 0.0026863 s
9 2 6 4 8 1 0 10 3 5 7 11 9 (290) Elapsed time: 0.0079428 s
0 10 3 5 7 11 9 2 6 4 8 1 0 (290) Elapsed time: 0.0051625 s
11 2 6 4 8 7 1 0 10 3 5 9 11 (290) Elapsed time: 0.0065103 s
8 4 6 2 11 7 9 5 3 10 0 1 8 (284) Elapsed time: 0.0041607 s
1 8 4 6 2 11 9 7 3 5 10 0 1 (284) Elapsed time: 0.008898 s
4 6 2 11 9 7 5 3 10 0 1 8 4 (264) Elapsed time: 0.0057207 s
1 7 9 11 2 6 4 8 5 3 10 0 1 (296) Elapsed time: 0.0064472 s
11 9 7 5 3 0 10 1 8 4 6 2 11 (301) Elapsed time: 0.0089416 s
7 9 8 4 6 2 11 5 3 10 0 1 7 (286) Elapsed time: 0.0031797 s
7 9 11 2 6 4 8 1 0 10 3 5 7 (264) Elapsed time: 0.0054488 s
7 9 11 2 6 4 8 1 0 10 3 5 7 (264) Elapsed time: 0.0052027 s
sredni czas: 0.00699663 s