7 9 11 2 6 4 8 12 1 5 3 10 0 7 (314) Elapsed time: 0.0020374 s
10 3 5 7 9 11 2 6 4 8 1 12 0 10 (269) Elapsed time: 0.0069982 s
9 7 5 3 10 0 12 1 6 8 4 2 11 9 (312) Elapsed time: 0.0028362 s
2 11 9 7 5 3 10 0 1 12 4 8 6 2 (298) Elapsed time: 0.0057048 s
8 4 6 2 11 9 7 5 3 10 12 1 0 8 (316) Elapsed time: 0.0080548 s
12 1 8 4 6 2 11 9 7 10 3 5 0 12 (306) Elapsed time: 0.0071941 s
6 4 8 9 7 1 12 0 10 3 5 11 2 6 (291) Elapsed time: 0.0060375 s
2 6 4 8 1 12 0 10 3 5 7 9 11 2 (269) Elapsed time: 0.0063821 s
3 10 0 12 1 8 6 4 11 2 9 7 5 3 (314) Elapsed time: 0.0058767 s
11 9 7 5 3 10 0 12 1 8 4 6 2 11 (269) Elapsed time: 0.0043646 s
2 11 9 7 5 3 10 0 12 1 8 4 6 2 (269) Elapsed time: 0.0077701 s
12 1 8 4 6 2 11 9 7 3 5 10 0 12 (289) Elapsed time: 0.0082901 s
7 10 3 5 9 11 2 6 4 8 1 12 0 7 (312) Elapsed time: 0.0032443 s
0 10 3 5 7 9 11 2 6 4 8 1 12 0 (269) Elapsed time: 0.0063991 s
4 8 1 12 0 10 3 5 7 9 2 11 6 4 (291) Elapsed time: 0.0076978 s
7 9 5 3 10 0 12 1 8 4 6 2 11 7 (289) Elapsed time: 0.0048845 s
5 9 11 2 6 4 8 1 12 0 10 7 3 5 (309) Elapsed time: 0.0042245 s
7 9 11 2 6 4 8 12 1 0 10 3 5 7 (281) Elapsed time: 0.0050182 s
8 4 6 2 11 9 7 5 3 10 0 12 1 8 (269) Elapsed time: 0.0087749 s
8 4 6 7 5 3 10 0 12 1 9 11 2 8 (322) Elapsed time: 0.0067278 s
7 9 11 2 6 8 4 1 12 0 10 5 3 7 (308) Elapsed time: 0.0090264 s
11 9 7 1 3 5 10 0 12 8 4 6 2 11 (322) Elapsed time: 0.0043396 s
2 6 9 11 7 5 3 10 0 12 1 8 4 2 (320) Elapsed time: 0.0030024 s
7 9 2 6 4 8 1 12 0 10 3 5 11 7 (303) Elapsed time: 0.0115759 s
2 11 9 7 5 10 3 0 12 1 8 4 6 2 (304) Elapsed time: 0.0033637 s
5 3 10 0 1 12 7 8 4 6 2 11 9 5 (311) Elapsed time: 0.0086232 s
11 9 7 5 3 10 0 12 1 8 4 6 2 11 (269) Elapsed time: 0.0081724 s
7 5 9 11 2 6 4 8 12 1 0 10 3 7 (313) Elapsed time: 0.0041862 s
11 2 6 4 8 1 12 0 10 3 5 7 9 11 (269) Elapsed time: 0.0168024 s
0 12 1 8 4 6 2 11 9 7 5 3 10 0 (269) Elapsed time: 0.0053654 s
9 7 5 3 10 0 12 1 8 4 6 2 11 9 (269) Elapsed time: 0.012396 s
0 12 1 10 3 5 7 9 11 2 6 4 8 0 (309) Elapsed time: 0.0041522 s
1 12 0 10 3 5 7 9 11 2 6 4 8 1 (269) Elapsed time: 0.0057389 s
5 3 10 0 7 9 11 2 6 4 8 1 12 5 (316) Elapsed time: 0.0054118 s
1 12 8 4 6 2 11 9 7 5 3 10 0 1 (281) Elapsed time: 0.0036371 s
4 8 1 12 0 10 5 3 7 9 11 2 6 4 (289) Elapsed time: 0.0055901 s
2 11 9 7 5 3 10 0 12 1 8 6 4 2 (294) Elapsed time: 0.0032449 s
0 10 3 5 7 9 11 2 6 4 8 12 1 0 (281) Elapsed time: 0.0019221 s
1 12 4 8 6 2 11 9 7 5 3 10 0 1 (298) Elapsed time: 0.0065971 s
9 7 5 3 10 0 12 1 8 4 6 2 11 9 (269) Elapsed time: 0.0116953 s
10 3 5 7 9 11 2 6 4 8 1 12 0 10 (269) Elapsed time: 0.0055559 s
8 4 6 2 11 5 3 10 0 12 1 7 9 8 (291) Elapsed time: 0.0109619 s
0 12 1 8 4 6 2 11 9 7 5 3 10 0 (269) Elapsed time: 0.007639 s
1 12 8 4 6 2 11 9 7 5 3 10 0 1 (281) Elapsed time: 0.0092297 s
11 2 6 4 8 1 12 0 10 3 5 7 9 11 (269) Elapsed time: 0.0098779 s
3 5 7 9 11 2 6 4 8 1 12 0 10 3 (269) Elapsed time: 0.0057777 s
8 4 1 12 0 10 3 5 7 9 2 11 6 8 (310) Elapsed time: 0.0105523 s
4 6 8 1 12 0 10 5 3 7 9 11 2 4 (314) Elapsed time: 0.0093694 s
6 2 11 9 7 1 12 0 10 3 5 8 4 6 (301) Elapsed time: 0.0087953 s
11 2 6 4 8 1 12 0 10 3 5 7 9 11 (269) Elapsed time: 0.0144506 s
1 12 0 10 3 5 7 9 11 2 6 8 4 1 (288) Elapsed time: 0.0089847 s
1 12 0 10 5 3 7 9 11 2 6 8 4 1 (308) Elapsed time: 0.0095027 s
2 6 4 8 1 12 0 10 5 3 7 9 11 2 (289) Elapsed time: 0.0159816 s
2 11 9 7 5 3 10 0 1 12 8 4 6 2 (281) Elapsed time: 0.0141706 s
9 7 5 3 10 0 12 1 8 4 6 2 11 9 (269) Elapsed time: 0.0201565 s
1 12 0 10 3 5 7 9 11 2 6 4 8 1 (269) Elapsed time: 0.0192135 s
5 3 10 0 12 1 8 4 6 2 11 9 7 5 (269) Elapsed time: 0.020363 s
1 12 0 10 5 3 7 9 11 2 6 4 8 1 (289) Elapsed time: 0.0125483 s
10 0 12 1 8 4 6 2 11 9 7 5 3 10 (269) Elapsed time: 0.0116652 s
6 8 1 12 0 10 3 5 7 9 11 2 4 6 (294) Elapsed time: 0.0177025 s
9 7 1 12 0 10 3 5 11 2 6 4 8 9 (291) Elapsed time: 0.0152214 s
7 0 10 3 5 9 11 2 6 4 8 1 12 7 (314) Elapsed time: 0.0112267 s
7 9 11 2 6 4 8 1 12 0 10 3 5 7 (269) Elapsed time: 0.0100512 s
7 9 11 2 6 8 4 1 12 0 10 3 5 7 (288) Elapsed time: 0.0042766 s
3 5 11 2 6 4 8 1 12 9 7 0 10 3 (322) Elapsed time: 0.0020724 s
2 11 9 7 5 3 10 0 12 1 8 4 6 2 (269) Elapsed time: 0.0053755 s
5 3 10 0 12 1 8 4 6 2 11 9 7 5 (269) Elapsed time: 0.0105384 s
1 8 4 6 2 11 9 7 5 3 10 0 12 1 (269) Elapsed time: 0.0032059 s
7 3 5 10 0 12 1 8 4 6 2 11 9 7 (289) Elapsed time: 0.0093514 s
10 0 12 1 4 8 6 2 11 9 7 5 3 10 (288) Elapsed time: 0.0095027 s
1 12 0 10 3 5 7 9 11 2 8 6 4 1 (308) Elapsed time: 0.0102675 s
4 8 1 12 0 10 3 5 7 9 11 2 6 4 (269) Elapsed time: 0.0058291 s
4 8 1 12 0 10 3 5 7 9 11 2 6 4 (269) Elapsed time: 0.0110298 s
3 5 7 9 11 2 6 8 4 1 12 0 10 3 (288) Elapsed time: 0.0056619 s
0 12 1 8 4 6 2 11 7 9 5 3 10 0 (289) Elapsed time: 0.0055826 s
9 7 5 3 10 0 12 1 8 4 6 11 2 9 (291) Elapsed time: 0.009349 s
5 3 10 0 12 1 8 4 11 2 6 9 7 5 (314) Elapsed time: 0.0097709 s
1 12 0 10 3 5 7 9 11 2 6 8 4 1 (288) Elapsed time: 0.0033168 s
4 8 12 1 0 10 3 5 7 9 2 11 6 4 (303) Elapsed time: 0.008264 s
8 4 6 2 11 9 7 1 12 0 10 5 3 8 (320) Elapsed time: 0.0057722 s
10 3 5 7 9 11 2 6 8 4 1 12 0 10 (288) Elapsed time: 0.0073346 s
1 12 0 10 3 5 7 9 11 2 4 8 6 1 (312) Elapsed time: 0.0056351 s
4 8 6 2 11 7 1 12 0 10 3 5 9 4 (320) Elapsed time: 0.0133777 s
5 3 10 0 12 1 8 9 11 2 6 4 7 5 (314) Elapsed time: 0.008873 s
2 11 9 6 4 8 1 12 0 10 3 5 7 2 (305) Elapsed time: 0.0035874 s
6 2 11 9 7 5 3 10 0 12 1 8 4 6 (269) Elapsed time: 0.0110693 s
9 11 2 6 4 8 1 12 0 10 3 5 7 9 (269) Elapsed time: 0.0096012 s
2 6 4 8 1 12 0 10 3 5 11 7 9 2 (303) Elapsed time: 0.0047219 s
2 9 7 5 3 10 0 12 1 8 6 4 11 2 (314) Elapsed time: 0.0071705 s
0 1 12 7 9 8 4 6 2 11 5 3 10 0 (307) Elapsed time: 0.0085328 s
5 3 10 0 1 12 8 4 6 2 11 9 7 5 (281) Elapsed time: 0.0081617 s
12 1 7 9 11 2 6 4 8 5 3 10 0 12 (301) Elapsed time: 0.0057078 s
2 11 9 7 5 3 10 0 1 12 8 6 4 2 (306) Elapsed time: 0.0096189 s
2 11 9 7 5 3 10 0 1 12 4 6 8 2 (318) Elapsed time: 0.0035832 s
0 12 1 9 7 8 4 6 2 11 5 3 10 0 (303) Elapsed time: 0.0060838 s
12 1 0 10 3 5 7 9 11 2 6 4 8 12 (281) Elapsed time: 0.0137463 s
5 7 9 11 2 6 4 8 1 12 0 10 3 5 (269) Elapsed time: 0.0058841 s
1 12 0 10 3 5 11 2 6 9 7 8 4 1 (322) Elapsed time: 0.0053687 s
6 2 11 9 7 5 3 10 0 12 1 8 4 6 (269) Elapsed time: 0.0100821 s
1 12 0 10 3 5 7 9 11 2 6 4 8 1 (269) Elapsed time: 0.0116325 s
sredni czas: 0.00811298 s