3 5 7 9 13 11 2 6 4 8 14 12 1 0 10 3 (299) Elapsed time: 0.004783 s
10 3 5 7 9 11 13 2 6 4 14 8 1 12 0 10 (303) Elapsed time: 0.0099789 s
12 1 8 14 4 6 2 11 13 5 3 7 9 10 0 12 (339) Elapsed time: 0.0104885 s
5 3 10 0 12 1 14 8 4 6 2 11 13 9 7 5 (291) Elapsed time: 0.0040449 s
12 1 0 10 3 5 7 9 13 11 2 6 4 14 8 12 (307) Elapsed time: 0.0107679 s
7 9 13 11 2 6 4 14 8 1 12 0 10 3 5 7 (295) Elapsed time: 0.0097557 s
8 14 1 12 0 10 3 5 7 9 2 11 13 6 4 8 (320) Elapsed time: 0.0094446 s
2 6 4 14 8 1 12 0 10 3 5 7 9 11 13 2 (303) Elapsed time: 0.0079274 s
9 7 12 1 14 8 4 6 2 11 13 5 3 10 0 9 (339) Elapsed time: 0.0069852 s
8 14 1 12 0 10 3 5 7 9 13 11 2 6 4 8 (291) Elapsed time: 0.0050176 s
4 8 14 1 12 0 10 3 5 13 11 2 9 7 6 4 (322) Elapsed time: 0.0044504 s
1 12 0 10 3 5 7 9 13 11 2 6 4 14 8 1 (295) Elapsed time: 0.0058853 s
7 5 3 10 0 12 1 14 8 4 6 2 11 13 9 7 (291) Elapsed time: 0.0073539 s
2 6 4 14 8 1 12 0 10 3 5 7 9 11 13 2 (303) Elapsed time: 0.0056571 s
2 11 13 9 7 3 5 10 0 12 1 14 8 4 6 2 (311) Elapsed time: 0.0099851 s
6 4 8 14 1 12 0 10 3 5 11 13 2 7 9 6 (343) Elapsed time: 0.0091688 s
12 1 7 8 14 4 6 2 13 11 9 5 3 10 0 12 (329) Elapsed time: 0.0097851 s
13 11 6 4 8 14 1 12 0 10 3 5 7 9 2 13 (321) Elapsed time: 0.0046867 s
2 11 13 9 7 5 3 10 0 12 1 14 8 4 6 2 (291) Elapsed time: 0.0107459 s
3 5 7 9 13 11 2 6 8 14 4 1 12 0 10 3 (314) Elapsed time: 0.0079473 s
3 5 7 9 11 2 13 6 4 8 14 1 12 0 10 3 (332) Elapsed time: 0.0127448 s
0 12 1 14 8 6 4 11 13 2 9 7 5 3 10 0 (344) Elapsed time: 0.0053332 s
3 5 7 9 11 13 2 6 4 14 8 1 12 0 10 3 (303) Elapsed time: 0.0106349 s
0 12 1 14 8 4 6 2 11 13 9 7 5 3 10 0 (291) Elapsed time: 0.0102925 s
4 14 8 1 12 0 10 3 5 7 9 13 11 2 6 4 (295) Elapsed time: 0.0073296 s
0 12 1 8 14 4 6 2 11 13 9 7 5 3 10 0 (295) Elapsed time: 0.0077685 s
10 3 5 7 9 13 11 2 6 4 8 14 1 12 0 10 (291) Elapsed time: 0.0042825 s
0 1 12 8 14 4 6 2 11 13 9 7 5 3 10 0 (307) Elapsed time: 0.0050661 s
9 7 5 3 10 0 1 12 14 8 4 6 2 11 13 9 (299) Elapsed time: 0.0100365 s
10 3 5 7 9 13 11 2 6 8 14 4 12 1 0 10 (324) Elapsed time: 0.0051848 s
1 12 0 10 5 3 7 9 13 11 2 6 4 14 8 1 (315) Elapsed time: 0.0066099 s
9 7 6 4 8 14 1 12 0 10 3 5 13 11 2 9 (322) Elapsed time: 0.006594 s
1 14 8 4 6 2 5 13 11 9 7 3 10 0 12 1 (345) Elapsed time: 0.0020243 s
9 7 5 3 10 0 12 1 8 14 4 6 2 13 11 9 (303) Elapsed time: 0.0039775 s
7 9 2 11 13 5 3 10 0 12 1 14 8 4 6 7 (322) Elapsed time: 0.0079081 s
14 8 4 6 2 11 13 9 7 5 3 10 0 1 12 14 (299) Elapsed time: 0.0137902 s
14 8 4 6 2 11 13 9 7 1 12 0 10 3 5 14 (329) Elapsed time: 0.0137624 s
10 3 5 7 9 11 13 2 6 4 8 14 1 12 0 10 (299) Elapsed time: 0.0100407 s
8 14 4 6 2 11 13 5 3 10 0 12 1 9 7 8 (319) Elapsed time: 0.0042136 s
14 8 1 12 0 10 3 5 7 9 13 11 2 6 4 14 (295) Elapsed time: 0.0097794 s
12 1 14 8 4 6 2 11 13 9 7 5 3 10 0 12 (291) Elapsed time: 0.0099511 s
1 12 14 8 4 6 2 11 13 9 7 3 5 10 0 1 (319) Elapsed time: 0.0071216 s
6 9 13 11 7 5 3 10 0 12 1 14 8 4 2 6 (342) Elapsed time: 0.0038713 s
1 12 0 10 3 5 9 7 13 11 2 6 4 8 14 1 (307) Elapsed time: 0.0040982 s
6 2 11 13 9 7 5 3 10 0 12 1 14 8 4 6 (291) Elapsed time: 0.0096966 s
1 12 0 10 3 5 7 9 11 13 2 6 4 14 8 1 (303) Elapsed time: 0.003003 s
5 3 10 0 12 1 8 14 4 6 2 11 13 9 7 5 (295) Elapsed time: 0.0107313 s
13 11 2 6 4 14 8 1 12 0 10 3 5 7 9 13 (295) Elapsed time: 0.0075959 s
5 3 10 0 1 12 14 8 4 6 2 11 13 7 9 5 (315) Elapsed time: 0.0058046 s
9 7 5 3 10 0 1 12 14 8 4 6 11 2 13 9 (333) Elapsed time: 0.0099818 s
1 12 4 8 14 6 2 11 13 9 7 5 3 10 0 1 (332) Elapsed time: 0.0063243 s
6 2 13 11 9 7 5 3 10 0 12 1 14 8 4 6 (299) Elapsed time: 0.0074443 s
11 13 5 3 10 0 12 1 14 8 4 6 2 9 7 11 (315) Elapsed time: 0.0071352 s
1 12 14 8 4 6 2 11 13 7 9 5 3 10 0 1 (315) Elapsed time: 0.0094017 s
13 11 9 7 3 5 10 0 12 1 8 14 4 6 2 13 (323) Elapsed time: 0.0084977 s
8 14 1 12 0 10 3 5 13 11 2 9 7 6 4 8 (322) Elapsed time: 0.0086501 s
8 14 1 12 0 10 3 5 7 9 11 13 2 6 4 8 (299) Elapsed time: 0.0048939 s
2 11 13 9 7 5 3 10 0 1 12 14 8 4 6 2 (299) Elapsed time: 0.0033268 s
8 14 4 6 2 11 13 5 3 10 0 12 1 9 7 8 (319) Elapsed time: 0.0069035 s
5 3 10 0 12 1 9 11 13 2 6 4 8 14 7 5 (331) Elapsed time: 0.0094361 s
2 11 13 9 7 5 3 10 0 12 1 14 8 4 6 2 (291) Elapsed time: 0.0104707 s
10 0 12 1 8 14 4 6 2 11 13 7 9 5 3 10 (311) Elapsed time: 0.0065455 s
9 13 11 2 6 4 8 14 1 12 0 10 3 5 7 9 (291) Elapsed time: 0.0060796 s
3 10 0 12 1 14 8 6 4 2 11 13 5 7 9 3 (349) Elapsed time: 0.0073616 s
0 10 3 5 9 7 13 11 2 6 4 8 14 12 1 0 (315) Elapsed time: 0.0037488 s
10 3 5 7 9 13 11 6 2 4 8 14 1 12 0 10 (330) Elapsed time: 0.0142147 s
14 8 12 1 0 10 3 5 7 9 11 13 2 6 4 14 (315) Elapsed time: 0.0101991 s
7 9 11 13 2 6 8 14 4 1 12 0 10 3 5 7 (322) Elapsed time: 0.0073911 s
10 0 12 1 8 14 6 4 2 11 13 9 7 5 3 10 (328) Elapsed time: 0.0096759 s
1 12 0 10 3 5 7 9 11 13 2 6 4 8 14 1 (299) Elapsed time: 0.0066375 s
8 6 2 13 11 9 1 12 0 10 3 5 7 14 4 8 (343) Elapsed time: 0.0115462 s
11 13 2 6 4 8 14 1 12 0 10 3 5 7 9 11 (299) Elapsed time: 0.0083081 s
13 11 2 6 4 14 8 1 12 0 10 3 5 9 7 13 (311) Elapsed time: 0.0069774 s
14 1 12 0 10 3 5 7 9 11 13 2 6 4 8 14 (299) Elapsed time: 0.0075832 s
0 10 3 5 7 9 11 13 2 6 4 14 8 1 12 0 (303) Elapsed time: 0.0061492 s
5 3 10 0 12 1 7 9 13 11 2 6 4 14 8 5 (327) Elapsed time: 0.0085431 s
5 3 10 0 12 1 14 8 6 4 2 11 13 9 7 5 (316) Elapsed time: 0.0078316 s
12 1 8 14 4 6 2 11 13 9 7 5 3 10 0 12 (295) Elapsed time: 0.0081253 s
12 1 14 8 4 6 2 11 13 7 9 5 3 10 0 12 (307) Elapsed time: 0.0107563 s
7 13 11 2 6 4 14 8 9 5 3 10 0 12 1 7 (325) Elapsed time: 0.0123139 s
5 3 10 0 12 1 14 8 4 6 2 7 9 11 13 5 (317) Elapsed time: 0.0117563 s
14 8 6 2 13 11 9 7 3 5 10 0 12 1 4 14 (342) Elapsed time: 0.0087349 s
1 12 14 8 4 6 2 11 13 7 9 5 3 10 0 1 (315) Elapsed time: 0.0051407 s
2 13 11 9 7 5 3 10 0 12 1 8 14 4 6 2 (303) Elapsed time: 0.0078087 s
4 6 8 14 1 12 0 10 3 5 7 9 13 11 2 4 (316) Elapsed time: 0.0040901 s
3 5 9 7 13 11 2 6 4 8 14 1 12 0 10 3 (307) Elapsed time: 0.0078515 s
12 1 14 8 4 6 2 11 13 9 7 5 3 10 0 12 (291) Elapsed time: 0.0107036 s
4 8 14 1 12 0 10 3 5 13 11 9 7 2 6 4 (317) Elapsed time: 0.0046681 s
8 14 4 6 1 12 0 10 3 5 7 9 11 13 2 8 (341) Elapsed time: 0.01168 s
14 8 4 6 2 11 13 9 7 5 3 10 0 1 12 14 (299) Elapsed time: 0.0107033 s
0 10 3 5 9 7 11 13 2 6 4 8 14 12 1 0 (327) Elapsed time: 0.0044889 s
10 3 5 7 1 8 14 4 6 2 13 11 9 12 0 10 (341) Elapsed time: 0.0023346 s
8 14 4 6 2 11 13 5 3 10 0 1 12 9 7 8 (335) Elapsed time: 0.0086463 s
7 5 3 10 0 12 1 14 8 4 6 2 9 11 13 7 (313) Elapsed time: 0.0056242 s
2 6 4 8 14 1 12 0 10 3 5 7 11 13 9 2 (317) Elapsed time: 0.0084589 s
6 4 8 14 1 12 0 10 3 5 7 9 2 11 13 6 (320) Elapsed time: 0.0061728 s
6 4 14 8 1 12 0 5 3 10 7 9 13 11 2 6 (332) Elapsed time: 0.0095406 s
5 3 10 0 12 1 8 14 4 6 2 11 13 9 7 5 (295) Elapsed time: 0.0055117 s
14 8 4 6 2 13 11 9 7 5 3 10 12 1 0 14 (343) Elapsed time: 0.0082453 s
11 2 7 9 5 3 10 0 12 1 8 14 4 6 13 11 (346) Elapsed time: 0.0038968 s
sredni czas: 0.00772618 s