7 9 11 13 5 3 10 0 12 1 8 4 6 2 7 (308) Elapsed time: 0.0111893 s
8 6 4 1 7 9 2 11 13 5 3 10 0 12 8 (333) Elapsed time: 0.0201432 s
8 6 4 2 11 13 9 7 5 3 10 0 12 1 8 (307) Elapsed time: 0.0224799 s
4 8 1 12 0 10 3 5 7 9 13 11 2 6 4 (282) Elapsed time: 0.0051501 s
5 3 10 0 1 12 8 4 6 2 13 11 9 7 5 (302) Elapsed time: 0.0057513 s
2 11 13 5 3 10 0 12 1 7 9 8 6 4 2 (319) Elapsed time: 0.0079889 s
13 11 2 4 8 6 1 12 0 10 3 5 7 9 13 (325) Elapsed time: 0.0093225 s
9 7 5 3 10 0 12 1 8 4 6 2 11 13 9 (282) Elapsed time: 0.0167079 s
12 1 8 4 6 2 11 13 5 9 7 3 10 0 12 (312) Elapsed time: 0.0052206 s
8 7 9 6 2 11 13 5 3 10 0 12 1 4 8 (325) Elapsed time: 0.0044617 s
7 9 11 13 5 3 10 0 1 12 8 4 6 2 7 (320) Elapsed time: 0.0087129 s
9 11 13 5 3 10 0 12 1 8 4 6 2 7 9 (308) Elapsed time: 0.0064991 s
5 3 10 0 12 1 7 9 11 13 2 6 4 8 5 (322) Elapsed time: 0.008515 s
1 12 0 10 3 5 7 9 13 11 2 6 4 8 1 (282) Elapsed time: 0.0029208 s
7 9 13 11 2 6 4 8 1 12 0 10 3 5 7 (282) Elapsed time: 0.0111388 s
1 12 0 10 3 5 13 11 2 6 4 8 7 9 1 (306) Elapsed time: 0.0040873 s
8 4 6 2 11 13 9 7 3 5 10 0 12 1 8 (302) Elapsed time: 0.0083435 s
13 2 6 4 8 1 12 0 10 3 5 7 9 11 13 (290) Elapsed time: 0.0107361 s
4 8 1 12 0 10 3 5 7 13 11 2 9 6 4 (312) Elapsed time: 0.0078312 s
9 7 13 11 2 6 4 8 1 12 0 10 3 5 9 (298) Elapsed time: 0.0109146 s
10 0 1 12 4 8 6 2 11 13 9 7 5 3 10 (311) Elapsed time: 0.0062537 s
10 3 5 7 9 11 13 2 6 8 4 12 1 0 10 (319) Elapsed time: 0.0110296 s
4 6 9 7 1 12 0 10 3 5 13 11 2 8 4 (314) Elapsed time: 0.0085022 s
13 11 2 6 4 8 9 7 1 12 0 10 3 5 13 (294) Elapsed time: 0.008802 s
3 10 0 12 1 8 4 6 2 7 9 11 13 5 3 (308) Elapsed time: 0.0041273 s
9 7 5 3 10 0 12 1 6 4 8 2 11 13 9 (320) Elapsed time: 0.0085195 s
6 8 4 9 7 1 12 0 10 3 5 13 11 2 6 (311) Elapsed time: 0.0102535 s
7 5 3 10 0 1 12 8 4 6 2 13 11 9 7 (302) Elapsed time: 0.0091005 s
2 6 4 8 1 12 0 10 5 3 7 9 13 11 2 (302) Elapsed time: 0.0059096 s
8 1 12 0 10 3 5 13 11 2 6 4 9 7 8 (323) Elapsed time: 0.0051808 s
9 11 13 5 3 10 0 1 12 8 4 6 2 7 9 (320) Elapsed time: 0.0052289 s
2 13 11 9 7 5 3 10 0 12 1 8 4 6 2 (290) Elapsed time: 0.0071767 s
13 11 2 8 4 6 9 7 1 12 0 10 3 5 13 (314) Elapsed time: 0.0077527 s
13 11 2 6 4 8 1 12 0 10 3 5 7 9 13 (282) Elapsed time: 0.0051982 s
9 7 3 5 10 0 12 1 8 4 6 2 11 13 9 (302) Elapsed time: 0.0087513 s
4 8 6 2 11 13 9 7 5 3 10 0 12 1 4 (301) Elapsed time: 0.0049485 s
7 5 3 10 0 12 1 8 4 6 2 11 13 9 7 (282) Elapsed time: 0.0098905 s
6 4 8 1 12 0 10 3 5 9 7 13 11 2 6 (298) Elapsed time: 0.0088297 s
11 13 7 9 5 3 10 0 1 12 8 4 6 2 11 (310) Elapsed time: 0.0081737 s
9 11 13 7 5 3 10 0 12 1 8 6 4 2 9 (329) Elapsed time: 0.0084637 s
0 10 3 5 7 9 11 13 2 6 4 8 1 12 0 (290) Elapsed time: 0.0047484 s
2 11 13 7 9 5 3 10 0 12 1 8 4 6 2 (298) Elapsed time: 0.0033668 s
2 11 13 5 3 10 0 12 1 7 9 8 4 6 2 (294) Elapsed time: 0.0068816 s
9 7 5 3 10 0 12 1 8 4 6 2 13 11 9 (290) Elapsed time: 0.0081835 s
8 4 6 2 13 11 9 7 5 3 10 0 12 1 8 (290) Elapsed time: 0.0078798 s
7 9 5 3 10 0 12 1 8 4 6 2 11 13 7 (298) Elapsed time: 0.0081351 s
1 12 0 10 3 5 7 9 2 11 13 6 4 8 1 (311) Elapsed time: 0.0068084 s
4 8 1 12 0 10 3 5 7 9 2 11 13 6 4 (311) Elapsed time: 0.0055428 s
5 3 10 0 12 1 7 9 13 11 2 6 4 8 5 (314) Elapsed time: 0.0075713 s
8 4 6 2 11 13 9 7 5 3 10 12 0 1 8 (313) Elapsed time: 0.0039122 s
12 1 8 4 6 2 11 13 9 7 5 3 10 0 12 (282) Elapsed time: 0.0068749 s
6 2 11 13 9 7 5 3 10 0 12 1 8 4 6 (282) Elapsed time: 0.0065887 s
0 1 12 8 4 6 2 11 13 9 7 5 3 10 0 (294) Elapsed time: 0.0074764 s
12 1 8 4 6 2 13 11 9 7 5 3 10 0 12 (290) Elapsed time: 0.0106674 s
8 4 6 2 13 11 9 7 5 3 10 0 1 12 8 (302) Elapsed time: 0.0066212 s
3 5 7 9 11 13 2 6 4 8 1 12 0 10 3 (290) Elapsed time: 0.0078601 s
1 12 0 10 3 5 7 9 13 11 2 4 6 8 1 (307) Elapsed time: 0.0053375 s
3 5 7 9 13 11 2 6 4 8 1 12 0 10 3 (282) Elapsed time: 0.0084051 s
9 7 5 3 10 0 12 1 8 4 6 11 13 2 9 (312) Elapsed time: 0.0082457 s
1 12 0 10 3 5 7 9 11 13 2 6 4 8 1 (290) Elapsed time: 0.0053922 s
0 12 1 8 9 13 11 2 6 4 7 5 3 10 0 (327) Elapsed time: 0.0046949 s
1 12 0 10 3 5 7 9 13 11 2 6 4 8 1 (282) Elapsed time: 0.0049934 s
2 6 4 8 9 11 13 5 3 10 0 12 1 7 2 (322) Elapsed time: 0.0059327 s
8 4 9 7 1 12 0 10 3 5 13 11 2 6 8 (311) Elapsed time: 0.0063169 s
2 6 4 8 1 12 0 10 3 5 7 9 11 13 2 (290) Elapsed time: 0.0053002 s
2 11 13 7 9 6 4 8 1 12 0 10 3 5 2 (330) Elapsed time: 0.0061929 s
2 11 13 5 3 10 0 12 1 7 9 8 4 6 2 (294) Elapsed time: 0.0069073 s
8 4 1 12 0 10 3 5 7 13 11 2 6 9 8 (331) Elapsed time: 0.0019632 s
6 2 7 9 11 13 5 3 10 0 1 12 8 4 6 (320) Elapsed time: 0.0029031 s
7 5 3 10 0 12 1 8 4 6 2 11 13 9 7 (282) Elapsed time: 0.0105413 s
7 1 12 0 10 3 5 13 11 2 6 4 8 9 7 (294) Elapsed time: 0.0116137 s
5 3 10 0 12 1 8 4 6 2 11 13 7 9 5 (298) Elapsed time: 0.0120382 s
7 9 11 13 2 6 4 8 1 12 0 10 3 5 7 (290) Elapsed time: 0.0123277 s
6 8 4 1 12 0 10 3 5 13 11 2 9 7 6 (332) Elapsed time: 0.0038284 s
6 4 8 12 1 7 5 3 10 0 9 11 13 2 6 (336) Elapsed time: 0.0059448 s
11 13 5 3 10 0 1 12 8 6 4 7 9 2 11 (337) Elapsed time: 0.0060737 s
12 1 7 9 8 4 6 2 13 11 5 3 10 0 12 (312) Elapsed time: 0.0109366 s
13 11 2 6 4 8 12 1 0 10 3 5 7 9 13 (294) Elapsed time: 0.0061215 s
7 9 1 12 8 4 6 2 11 13 5 3 10 0 7 (321) Elapsed time: 0.0043064 s
9 7 1 12 0 10 3 5 13 11 2 6 4 8 9 (294) Elapsed time: 0.0106486 s
13 11 2 6 4 8 1 12 0 10 3 5 7 9 13 (282) Elapsed time: 0.0095402 s
1 12 7 9 13 11 2 6 4 8 5 3 10 0 1 (330) Elapsed time: 0.0031796 s
8 4 6 2 9 11 13 7 5 3 10 0 1 12 8 (316) Elapsed time: 0.0059869 s
6 4 8 1 12 0 10 3 5 7 9 11 13 2 6 (290) Elapsed time: 0.007302 s
1 12 10 3 5 13 11 2 6 4 8 9 7 0 1 (332) Elapsed time: 0.0032041 s
1 12 0 10 3 7 9 11 13 5 2 6 4 8 1 (336) Elapsed time: 0.0048373 s
8 4 6 2 13 11 9 3 5 7 10 0 12 1 8 (333) Elapsed time: 0.0074903 s
1 12 0 10 3 5 8 4 6 2 11 13 9 7 1 (314) Elapsed time: 0.0043031 s
10 3 5 7 9 13 11 2 6 8 4 12 1 0 10 (311) Elapsed time: 0.0062355 s
4 6 2 11 13 9 7 5 3 10 0 12 1 8 4 (282) Elapsed time: 0.0057156 s
3 5 7 13 11 2 6 4 8 9 1 12 0 10 3 (312) Elapsed time: 0.0020442 s
13 11 2 6 4 8 9 7 1 12 0 10 3 5 13 (294) Elapsed time: 0.0128544 s
2 11 13 5 3 10 0 12 1 7 9 8 4 6 2 (294) Elapsed time: 0.013381 s
10 3 5 7 9 11 13 2 6 4 8 1 12 0 10 (290) Elapsed time: 0.0106709 s
1 12 0 10 3 5 7 9 11 13 2 6 4 8 1 (290) Elapsed time: 0.009283 s
1 12 0 10 3 5 13 11 9 7 8 4 6 2 1 (330) Elapsed time: 0.0045575 s
4 6 2 11 13 9 7 1 12 0 10 3 5 8 4 (314) Elapsed time: 0.0038376 s
13 11 2 6 4 8 12 1 0 10 3 5 9 7 13 (310) Elapsed time: 0.0073837 s
2 11 13 7 5 3 10 0 12 1 8 9 4 6 2 (329) Elapsed time: 0.0067198 s
0 10 3 5 7 9 13 11 2 6 4 8 1 12 0 (282) Elapsed time: 0.0046684 s
sredni czas: 0.00749487 s